-17.4161,-66.1744,2548,"BLV124",20181121000000,22,0.0109918517287733,-4.36520586252495,4.36520586252495,74910
-16.8378,-64.7925,195,"BLV141",20181121000000,24.5,0.0381075161090262,0,0,50180
-17.9747,-67.08,4057,"BLV154",20181121001500,11,0.00549274325906084,-9.98022222222222,-6.11112359961186e-16,62430
-17.6364,-67.2003,3798,"BLV157",20181121000000,13,0.00890247007892493,-3.9448629505418,1.63401573581756,64840
-17.5911,-69.4486,4074,"BLV16",20181121000000,9,0.00356209895683624,2.52005096891211e-17,-0.102888888888889,62410
-17.5911,-69.4486,4074,"BLV16",20181121004500,9,0.00347841194855902,2.52005096891211e-17,-0.102888888888889,62460
-17.7681,-67.0247,3802,"BLV179",20181121001500,12.4,0.00672898202525259,-7.55702661609815,3.13022291560231,64600
-20.7367,-67.6583,3780,"BLV194",20181121000000,16.2,0.0017165058483989,7.408,1.36082752321254e-15,64780
-19.5628,-65.7619,3812,"BLV209",20181121000000,13.4,0.00883706952877529,-0.38022775426909,0.157495492608921,64630
-21.5417,-62.9972,398,"BLV251",20181121000000,26.9,0.0165244871392029,-2.41788888888889,-1.48052994423586e-16,97070
-21.5467,-64.7108,1849,"BLV275",20181121000000,19,0.0131589847474324,0,0,81500
-16.5103,-68.1986,4034,"BLV31",20181121000000,11,0.0099710184703472,-4.75284692836362,1.96869365761152,62960
-17.6486,-63.1389,378,"BLV318",20181121000000,24,0.0162459942501901,-0.590608097283455,1.42585407850909,96640
-16.4731,-67.4528,1946,"BLV40",20181121000000,18.4,0.0143369427049884,0.257222222222222,4.72509556671021e-17,80620
-17.2386,-67.9231,4498,"BLV52",20181121001500,12.6,0.00719534407169796,6.945,1.27577580301176e-15,64440
-19.3022,-64.3022,2102,"BLV91",20181121000000,-25.8,4.12923479240335e-05,-3.15006371114014e-17,0.257222222222222,79430
-20.130393,-64.500085,2712,"BLVX005",20181121000000,19.7,0.0111009712794784,-3.65969213483999,1.51589411636087,77070
-17.079301,-66.814672,2736,"BLVX010",20181121000000,15.6,0.0165659796252246,0.411555555555556,7.56015290673633e-17,60000
-17.009742,-64.862164,212,"BLVX011",20181121000000,23.9,0.0358850311966165,0,0,50200
-17.345472,-66.157288,2843,"BLVX013",20181121000000,16.7,0.0110248705882398,-0.0393738731522304,-0.0950569385672724,72990
-17.393205,-66.044417,2706,"BLVX014",20181121000000,17.2,0.0110954016642608,-0.332699284985453,-0.137808556032806,73640
-18.96874,-67.25528,3787,"BLVX022",20181121001500,12.6,0.0065343500772976,-3.09202081928851,-3.09202081928851,64440
-18.775198,-67.043168,3694,"BLVX023",20181121000000,13.6,0.00612857646481555,-10.1235639574145,4.19331749071253,64850
-17.96684,-67.111057,3720,"BLVX025",20181121001500,14.8,0.00590546174999563,-2.51900887203272,-1.0434076385341,64850
-21.07651,-63.532959,665,"BLVX034",20181121000000,21.9,0.0330908107576425,0,0,50100
-21.176484,-63.466296,578,"BLVX035",20181121000000,22.2,0.0159425570586465,0,0,95120
-21.176484,-63.466296,578,"BLVX035",20181121001500,22.2,0.0159041001838491,0,0,95130
-21.176484,-63.466296,578,"BLVX035",20181121003000,22.2,0.0159023857931675,0,0,95140
-21.176484,-63.466296,578,"BLVX035",20181121004500,22.1,0.0158398639105947,0,0,95140
-14.08921,-46.366497,830,"BRAA017",20181121000000,25.65,0.0126753521898477,-1.28300628637871,1.11530034928386,92150
-15.220199,-48.990107,667,"BRAA022",20181121000000,22.2,0.0159776196767495,1.09273893646712,1.30227555330226,93850
-17.337001,-49.914778,610,"BRAA029",20181121000000,24.3,0.0176603191665191,0,0,94450
-11.887377,-49.608215,215,"BRAA039",20181121000000,25.45,0.0187818085396961,0.187303296707956,0.463591927283394,98610
-2.592606,-48.360585,43,"BRAA213",20181121000000,27.85,0.0183409845556226,0.0575695518672388,-1.09849248823003,100560
-21.918066,-46.382996,1077,"BRAA530",20181121000000,17.95,0.0133775071728403,0,0,89720
-18.786842,-42.942921,853,"BRAA533",20181121000000,20.1,0.0151015721198827,-2.2943973155976,0.160439889611488,92120
-20.467069,-40.404051,25,"BRAA634",20181121000000,20.6,0.0144258223626435,0.320098132208151,2.27761655810561,101490
-22.951972,-46.530501,891,"BRAA744",20181121000000,15.6,0.0107296464001314,5.04059953636431,1.63779007018722,91790
-21.927251,-50.490251,498,"BRAA768",20181121000000,22.55,0.0130213636887062,-1.95717516214761,2.90163150394265,95800
-31.248279,-50.906279,4,"BRAA878",20181121000000,19.95,0.0105548831749881,-2.75,-4.76313972081441,101770
-15.062696,-59.872921,213,"BRAA922",20181121000000,24.4,0.0182030008983178,-1.21352549156242,-0.88167787843871,98700
-31.3211111111,-57.1083333333,60,"DHEC451",20181121000000,21.4,0.0095178461186987,-0.628539361054709,-0.628539361054709,101260
-31.3211111111,-57.1083333333,60,"DHEC451",20181121000500,21.2,0.0094001114176796,-0.340163050991191,-0.821226251121144,101260
-31.3211111111,-57.1083333333,60,"DHEC451",20181121001000,21.2,0.0095601463250468,-0.628539361054709,-0.628539361054709,101250
-31.3211111111,-57.1083333333,60,"DHEC451",20181121001500,21,0.00944170251973382,2.17714986515085e-16,-0.888888888888889,101250
-31.3211111111,-57.1083333333,60,"DHEC451",20181121002000,21,0.00944075594563872,-0.628539361054709,-0.628539361054709,101260
-31.3211111111,-57.1083333333,60,"DHEC451",20181121003000,20.8,0.00947786248846416,-0.942809041582063,-0.942809041582063,101270
-31.3211111111,-57.1083333333,60,"DHEC451",20181121003500,20.4,0.00939404623997404,-0.628539361054709,-0.628539361054709,101280
-31.3211111111,-57.1083333333,60,"DHEC451",20181121004000,20.4,0.00954448956299574,-0.942809041582063,-0.942809041582063,101290
-31.3211111111,-57.1083333333,60,"DHEC451",20181121004500,20.1,0.00936654520964745,-0.942809041582063,-0.942809041582063,101290
-31.3211111111,-57.1083333333,60,"DHEC451",20181121005000,20.1,0.00951513632386957,-0.942809041582063,-0.942809041582063,101290
-31.3211111111,-57.1083333333,60,"DHEC451",20181121005500,19.7,0.00942365897821096,-0.942809041582063,-0.942809041582063,101290
-30.7390839,-59.6480146,0,"DHEC462_2",20181121000300,23.5,0.0123318104247632,-1.64245250224229,-0.680326101982382,101080
-30.7390839,-59.6480146,0,"DHEC462_2",20181121002300,23.3,0.0118159165010146,-2.05306562780286,-0.850407627477978,101080
-30.7390839,-59.6480146,0,"DHEC462_2",20181121003300,22.9,0.0117062359068076,-0.821226251121144,-0.340163050991191,101080
-30.7390839,-59.6480146,0,"DHEC462_2",20181121004300,22.5,0.0115929312839324,-0.410613125560572,-0.170081525495595,101090
-30.7390839,-59.6480146,0,"DHEC462_2",20181121005300,22.3,0.0114479385031134,-0.410613125560572,-0.170081525495595,101110
-31.8411111111,-58.6052777778,80,"DHEC465",20181121000000,22.7,0.0111965286121267,1e+11,1e+11,101210
-31.8411111111,-58.6052777778,80,"DHEC465",20181121000800,22.4,0.0109908234260417,0,0,101210
-31.8411111111,-58.6052777778,80,"DHEC465",20181121001000,22.3,0.0110940547340606,1e+11,1e+11,101210
-31.8411111111,-58.6052777778,80,"DHEC465",20181121002000,21.7,0.0110160550161409,1e+11,1e+11,101230
-31.8411111111,-58.6052777778,80,"DHEC465",20181121002800,21.4,0.0109740126820811,0,0,101230
-31.8411111111,-58.6052777778,80,"DHEC465",20181121003000,21.3,0.0109057943652232,1e+11,1e+11,101230
-31.8411111111,-58.6052777778,80,"DHEC465",20181121003800,21.2,0.0109966997910431,0,0,101240
-31.8411111111,-58.6052777778,80,"DHEC465",20181121004000,21.1,0.0109282347936641,1e+11,1e+11,101240
-31.8411111111,-58.6052777778,80,"DHEC465",20181121005000,21,0.0108601520022519,1e+11,1e+11,101240
-31.8411111111,-58.6052777778,80,"DHEC465",20181121005800,21.1,0.0109282347936641,0,0,101240
-32.9855555556,-57.4958333333,17,"DHEC528_2",20181121000200,26.3,0.0104480752438739,-0.850407627477977,-2.05306562780286,101300
-32.9855555556,-57.4958333333,17,"DHEC528_2",20181121002200,25.7,0.0102857263159479,5.44287466287713e-16,-2.22222222222222,101310
-32.9855555556,-57.4958333333,17,"DHEC528_2",20181121003200,25,0.0104591383587577,-0.680326101982382,-1.64245250224229,101330
-32.9855555556,-57.4958333333,17,"DHEC528_2",20181121004200,23.9,0.0107197282792641,-0.680326101982382,-1.64245250224229,101340
-32.9855555556,-57.4958333333,17,"DHEC528_2",20181121005200,23,0.0108558728928676,-0.850407627477977,-2.05306562780286,101340
-32.9855555556,-57.4958333333,10,"DHEC528_3",20181121001100,24.1,0.0104784202087517,0,0,101270
-32.9855555556,-57.4958333333,10,"DHEC528_3",20181121002100,23.9,0.010348087650626,0,0,101300
-32.9855555556,-57.4958333333,10,"DHEC528_3",20181121003100,23.6,0.0101588893886638,0,0,101310
-32.9855555556,-57.4958333333,10,"DHEC528_3",20181121004100,23.4,0.0102162720033501,0,0,101320
-32.9855555556,-57.4958333333,10,"DHEC528_3",20181121005100,23,0.0103229073589901,0,0,101330
-30.2783333333,-59.4694444444,58,"DHEC828_2",20181121000000,24.3,0.0118006149070274,0,0,100970
-30.2783333333,-59.4694444444,58,"DHEC828_2",20181121001900,24.2,0.0121120128317657,0,0,100990
-30.2783333333,-59.4694444444,58,"DHEC828_2",20181121002900,24.1,0.0120381534701154,0,0,100990
-30.2783333333,-59.4694444444,58,"DHEC828_2",20181121004000,23.9,0.0120822805200106,0,0,100980
-30.2783333333,-59.4694444444,58,"DHEC828_2",20181121005000,23.8,0.0121980402621181,0,0,100970
-30.2783333333,-59.4694444444,58,"DHEC828_2",20181121005900,23.8,0.0123852884870472,0,0,100980
-30.6058333333,-57.9877777778,31,"DHEC928",20181121000700,25.4,0.0122051263558324,3.26572479772628e-16,-1.33333333333333,100950
-30.6058333333,-57.9877777778,31,"DHEC928",20181121001700,25.2,0.0118531784610094,3.26572479772628e-16,-1.33333333333333,100950
-30.6058333333,-57.9877777778,31,"DHEC928",20181121002700,25.1,0.0117802739016631,1.08857493257543e-16,-0.444444444444444,100960
-30.6058333333,-57.9877777778,31,"DHEC928",20181121003700,24.9,0.0116368481128954,2.17714986515085e-16,-0.888888888888889,100970
-30.6058333333,-57.9877777778,31,"DHEC928",20181121004700,24.8,0.0115674750498234,-0.510244576486786,-1.23183937668172,100960
-31.7925,-57.775,35,"DHEC937",20181121000200,21.7,0.0115064208668443,0,0,101270
-31.7925,-57.775,35,"DHEC937",20181121001200,21.4,0.0116173979884306,0,0,101270
-31.7925,-57.775,35,"DHEC937",20181121003200,20.9,0.0115718663635568,0,0,101290
-31.7925,-57.775,35,"DHEC937",20181121004200,20.8,0.0114984356323138,0,0,101300
-31.7925,-57.775,35,"DHEC937",20181121005200,20.6,0.0116635961094362,0,0,101300
-31.5972,-64.5503,1205,"EMARMA1_BAL",20181121000006,22.71,0.0085229572600777,-5.50937993562624,-4.7892309116307,87639
-31.5972,-64.5503,1205,"EMARMA1_BAL",20181121001006,22.44,0.00858043849020729,-8.12456821103941,-5.48009045401332,87636
-31.5972,-64.5503,1205,"EMARMA1_BAL",20181121002006,22.23,0.00866373058924518,-7.4695967472346,-2.57198842021154,87651
-31.5972,-64.5503,1205,"EMARMA1_BAL",20181121003006,22.11,0.00859857971953582,-6.3219854476264,-3.65,87663
-31.5972,-64.5503,1205,"EMARMA1_BAL",20181121004006,22.13,0.00861020425617163,-8.02596411515586,-7.22661054867567,87653
-31.5972,-64.5503,1205,"EMARMA1_BAL",20181121005006,21.97,0.00852361836923853,-6.96279237645643,-4.87539970898389,87672
-31.5214,-64.4655,700,"EMARMA1_FDC",20181121000007,25.46,0.00882266007229291,1e+11,1e+11,92936
-31.5214,-64.4655,700,"EMARMA1_FDC",20181121001007,25.58,0.00888569539507537,1e+11,1e+11,92946
-31.5214,-64.4655,700,"EMARMA1_FDC",20181121002007,25.28,0.00872504192318521,1e+11,1e+11,92961
-31.5214,-64.4655,700,"EMARMA1_FDC",20181121003007,25.14,0.00865039551225895,1e+11,1e+11,92974
-31.5214,-64.4655,700,"EMARMA1_FDC",20181121004007,25.28,0.00850170875499361,1e+11,1e+11,92985
-31.5214,-64.4655,700,"EMARMA1_FDC",20181121005007,25.68,0.00848100516634436,1e+11,1e+11,93003
-30.9223,-62.6848,71,"EMARMA1_MIR",20181121000006,28.35,0.00972325899040552,-4.18710798536264,-5.97980992330964,100086
-30.9223,-62.6848,71,"EMARMA1_MIR",20181121001006,28.23,0.00989915812957073,-3.47105309230731,-4.13663999284248,100092
-30.9223,-62.6848,71,"EMARMA1_MIR",20181121002006,28.05,0.010037124561441,-4.83044136560306,-4.34934894133258,100091
-30.9223,-62.6848,71,"EMARMA1_MIR",20181121003006,27.86,0.00992342763818356,-4.56379202877443,-5.43891554614474,100104
-30.9223,-62.6848,71,"EMARMA1_MIR",20181121004006,27.66,0.0100421812407635,-3.75099098034374,-4.02244535890544,100118
-30.9223,-62.6848,71,"EMARMA1_MIR",20181121005006,27.21,0.0104703108832705,-4.98963653545486,-2.54234679854146,100120
-31.6677,-63.8817,335,"EMARMA1_PIL",20181121000006,26.28,0.0102222955563489,-2.26624054523779,-5.33892815002415,97049
-31.6677,-63.8817,335,"EMARMA1_PIL",20181121001006,26.21,0.0101783568508112,-0.668030884608314,-4.75328672995954,97059
-31.6677,-63.8817,335,"EMARMA1_PIL",20181121002006,25.85,0.00995968593212358,-0.76927325602571,-3.61914612271508,97066
-31.6677,-63.8817,335,"EMARMA1_PIL",20181121003006,25.74,0.00989196632172023,-0.287613951067272,-3.28744250370276,97085
-31.6677,-63.8817,335,"EMARMA1_PIL",20181121004006,25.5,0.009963662888664,-0.686108579698606,-3.22788708242156,97100
-31.6677,-63.8817,335,"EMARMA1_PIL",20181121005006,25.48,0.00994945663733665,0.763235981506179,-3.92650873379066,97121
-32.3273,-63.2299,203,"EMARMA1_VMA",20181121000006,22.85,0.010524582505151,-0.313760673891569,-3.58630091313028,98521
-32.3273,-63.2299,203,"EMARMA1_VMA",20181121001006,22.83,0.0105115116093584,1.16122509887841,-4.65741948612478,98522
-32.3273,-63.2299,203,"EMARMA1_VMA",20181121002006,23.3,0.0104463469749224,0.463103504939563,-3.77167537623702,98528
-32.3273,-63.2299,203,"EMARMA1_VMA",20181121003006,23.4,0.0103216083002575,0.659863075134339,-3.74226946144639,98543
-32.3273,-63.2299,203,"EMARMA1_VMA",20181121004006,23.38,0.0103070384444529,0.392200842364462,-4.48287614141286,98561
-32.3273,-63.2299,203,"EMARMA1_VMA",20181121005006,22.78,0.0102929857986768,0.764833584769142,-3.3128582202698,98575
-34.5881,-59.0626,0,"EMARMA2_LUJ",20181121000006,22.88,0.0101286565237239,-0.234438677093564,-0.552302912071464,100757
-34.5881,-59.0626,0,"EMARMA2_LUJ",20181121001006,22.29,0.0109655304142089,-0.0716735899090601,-0.18671608529944,100763
-34.5881,-59.0626,0,"EMARMA2_LUJ",20181121002006,20.44,0.0106896636468016,-0.202455948909479,-0.876933058306712,100761
-34.5881,-59.0626,0,"EMARMA2_LUJ",20181121003006,20.59,0.0110989958860582,-0.625192533413098,-0.647405820304786,100771
-34.5881,-59.0626,0,"EMARMA2_LUJ",20181121004006,22.48,0.0103987089579062,-0.395032212553743,-1.85848044139423,100785
-34.5881,-59.0626,0,"EMARMA2_LUJ",20181121005006,22.44,0.0103728328391451,-0.891773790572873,-0.80295672763063,100787
-34.4207,-59.4492,0,"EMARMA2_SAG",20181121000006,1e+11,1e+11,-1.51036893851961,-1.86515030749673,100574
-34.4207,-59.4492,0,"EMARMA2_SAG",20181121001006,1e+11,1e+11,-1.02308553935848,-1.3576803670804,100573
-34.4207,-59.4492,0,"EMARMA2_SAG",20181121002006,1e+11,1e+11,-1.00369590953829,-1.11471723821609,100577
-34.4207,-59.4492,0,"EMARMA2_SAG",20181121003006,1e+11,1e+11,-1.15094368054184,-1.1114533927344,100577
-34.4207,-59.4492,0,"EMARMA2_SAG",20181121004006,1e+11,1e+11,-1.41602139324901,-1.81242473329546,100579
-34.4207,-59.4492,0,"EMARMA2_SAG",20181121005006,1e+11,1e+11,-1.46946313073118,-2.02254248593737,100575
-34.0849,-59.0236,0,"EMARMA2_ZAR",20181121000006,21.71,0.0117009231368804,-1.70923309859801,-1.53900039462537,101082
-34.0849,-59.0236,0,"EMARMA2_ZAR",20181121001006,21.97,0.0117235654836408,-2.10115455257798,-0.93549427907434,101081
-34.0849,-59.0236,0,"EMARMA2_ZAR",20181121002006,21.54,0.0117410218175295,-1.53801871350131,-0.441019769307199,101086
-34.0849,-59.0236,0,"EMARMA2_ZAR",20181121003006,21.88,0.0116563992160225,-1.39939153142303,-0.775695392394139,101096
-34.0849,-59.0236,0,"EMARMA2_ZAR",20181121004006,22,0.0115737830709562,-2.68467875173176,-1.55,101108
-34.0849,-59.0236,0,"EMARMA2_ZAR",20181121005006,22.47,0.0113953858906074,-3.25269119345812,-3.25269119345812,101114
-27.3239,-58.9524,54,"EMARMA4_CBN",20181121000006,22.26,0.0133740896347641,-1.83525906994923,-0.491756185694789,100609
-27.3239,-58.9524,54,"EMARMA4_CBN",20181121001006,21.99,0.0131488837030636,-1.38075728017866,-0.586096692733911,100627
-27.3239,-58.9524,54,"EMARMA4_CBN",20181121002006,21.81,0.0130027637521414,-1.53801871350131,-0.441019769307199,100623
-27.3239,-58.9524,54,"EMARMA4_CBN",20181121003006,21.77,0.0131377577037686,-1.18760909493538,-0.52875763599854,100625
-27.3239,-58.9524,54,"EMARMA4_CBN",20181121004006,21.75,0.0131207116376435,-1.33650978628255,-0.68098574960932,100630
-27.3239,-58.9524,54,"EMARMA4_CBN",20181121005006,21.7,0.0129105936014487,-1.14756570715564,-0.350846045667284,100648
-26.3934,-54.576,200,"EMARMA5_ELD",20181121000007,21.96,0.0152443815597945,-0.552302912071464,-0.234438677093564,99025
-26.3934,-54.576,200,"EMARMA5_ELD",20181121001006,22.72,0.0154369941441547,-0.273511789942492,-0.644353397416708,99032
-26.3934,-54.576,200,"EMARMA5_ELD",20181121002006,22.34,0.015429038137468,-0.211967705693282,0.33921923846257,99047
-26.3934,-54.576,200,"EMARMA5_ELD",20181121003006,22.08,0.0150053499762782,-1.00490000340686,-0.44741030738338,99052
-26.3934,-54.576,200,"EMARMA5_ELD",20181121004006,22.03,0.0154807532744769,-0.682059045349665,-0.157465738040705,99055
-26.3934,-54.576,200,"EMARMA5_ELD",20181121005006,22.29,0.01537942838908,-0.541633520836844,-0.718771959042564,99057
-25.874,-54.5513,203,"EMARMA5_URU",20181121000006,22.9,0.0147025589280165,-0.0573576436351046,0.0819152044288992,98964
-25.874,-54.5513,203,"EMARMA5_URU",20181121001006,22.93,0.0149130971226094,-0.33921923846257,0.211967705693282,98969
-25.874,-54.5513,203,"EMARMA5_URU",20181121002006,22.99,0.014598156442954,-0.0998629534754574,-0.0052335956242944,98978
-25.874,-54.5513,203,"EMARMA5_URU",20181121003006,23.15,0.0151154402016323,0.371572412738697,0.334565303179429,98984
-25.874,-54.5513,203,"EMARMA5_URU",20181121004006,23.15,0.01473968350002,0.771345131623847,0.919253331742773,99003
-25.874,-54.5513,203,"EMARMA5_URU",20181121005006,23.1,0.0150668351135997,0.0642787609686539,0.0766044443118978,98996
-38.1565,-67.1517,292,"EMARMA7_CDP",20181121004006,26.48,0.00669992777206854,3.99756330807638,0.139597986810007,97170
-39.0378,-67.529,230,"EMARMA7_GRC",20181121000006,27.07,0.00320164051285835,2.58061999426744,-0.316860292853384,97699
-39.0378,-67.529,230,"EMARMA7_GRC",20181121001006,26.17,0.0034704344770726,1.43807047407867,-0.701393834862524,97731
-39.0378,-67.529,230,"EMARMA7_GRC",20181121002006,25.58,1e+11,-0.293444280220142,-0.0623735072453278,97755
-39.0378,-67.529,230,"EMARMA7_GRC",20181121003006,24.47,0.00411879081816052,0.22789770812001,0.661863002919522,97787
-39.0378,-67.529,230,"EMARMA7_GRC",20181121004006,23.46,0.00424538493823313,0.121869343405148,0.992546151641322,97808
-39.0378,-67.529,230,"EMARMA7_GRC",20181121005006,24.22,0.00405573783518578,0.962081677853336,0.533290582270971,97821
-38.6564,-68.4549,416,"EMARMA7_MMN",20181121000007,25.83,0.00434315255156855,4.10121933088198,4.10121933088198,95805
-38.6564,-68.4549,416,"EMARMA7_MMN",20181121001007,25.44,0.0042420905494202,5.14047194139658,5.32311452250602,95828
-38.6564,-68.4549,416,"EMARMA7_MMN",20181121002006,25.33,0.0037899404379421,5.97013716381362,6.86785718002722,95836
-38.6564,-68.4549,416,"EMARMA7_MMN",20181121003006,25.03,0.00413679947476966,3.47329185229499,3.59669900169326,95882
-38.6564,-68.4549,416,"EMARMA7_MMN",20181121004006,25.05,0.00393295600860858,4.13802748568353,6.13487803690731,95892
-38.9383,-69.1815,577,"EMARMA7_PHL",20181121000006,23.61,0.00425879433611698,6.78343554176681,0.474344021460054,94110
-38.9383,-69.1815,577,"EMARMA7_PHL",20181121001006,23.33,0.0045701911116617,6.39123425556208,4.64350349311054,94115
-38.9383,-69.1815,577,"EMARMA7_PHL",20181121002006,22.75,0.00478166991322814,6.38990982134418,2.32573697461455,94120
-38.9383,-69.1815,577,"EMARMA7_PHL",20181121003007,22.21,0.00516384999972244,6.65005921599686,0.816524600814486,94130
-38.9383,-69.1815,577,"EMARMA7_PHL",20181121004007,21.79,0.00520680637852658,7.12565456961229,3.17254581599124,94137
-38.9383,-69.1815,577,"EMARMA7_PHL",20181121005007,21.56,0.005305179666115,5.79555495773441,1.55291427061512,94153
-28.893,-62.275,98,"INT251",20181121000000,25.9,0,-2.80555555555556,-1.71790731547059e-16,99340
-28.893,-62.275,98,"INT251",20181121001000,25.8,0,-2.86111111111111,-1.75192528211357e-16,99340
-28.893,-62.275,98,"INT251",20181121002000,25.7,0,-2.72222222222222,-1.66688036550612e-16,99330
-28.893,-62.275,98,"INT251",20181121003000,25.4,0,-1.80705066303229,-1.80705066303229,99370
-28.893,-62.275,98,"INT251",20181121004000,25.1,0,-1.82669251806525,-1.82669251806525,99380
-28.893,-62.275,98,"INT251",20181121005000,24.9,0,-2.72222222222222,-1.66688036550612e-16,99360
-34.79,-58.45,23,"INT267",20181121000000,21.7,0.0102909359596379,0,-0.166666666666667,100280
-34.79,-58.45,23,"INT267",20181121001000,21.6,0.0103911716965568,0,-0.194444444444444,100290
-34.79,-58.45,23,"INT267",20181121002000,21.4,0.010753120104573,0,-0.194444444444444,100280
-34.79,-58.45,23,"INT267",20181121003000,21.3,0.010845275873301,0,-0.166666666666667,100310
-34.79,-58.45,23,"INT267",20181121004000,21.1,0.0107096553534257,0,-0.166666666666667,100320
-34.79,-58.45,23,"INT267",20181121005000,21,0.010642957208065,0,-0.138888888888889,100320
-32.488,-58.348,17,"INT272",20181121000000,21.7,0.0107361110036411,0,0,100770
-32.488,-58.348,17,"INT272",20181121001000,21.3,0.010955348300986,0,0,100780
-32.488,-58.348,17,"INT272",20181121002000,20.7,0.0110190163490493,0,0,100780
-32.488,-58.348,17,"INT272",20181121003000,20.7,0.0110167913125654,0,0,100800
-32.488,-58.348,17,"INT272",20181121004000,20.4,0.0111170758580412,0,0,100800
-32.488,-58.348,17,"INT272",20181121005000,20.1,0.0110582339971134,0,0,100810
-29.88,-60.235,70,"INT296",20181121000000,22.9,0.0143343851702879,-1.55555555555556,-9.52503066003497e-17,100210
-29.88,-60.235,70,"INT296",20181121001000,22.9,0.0145184479721471,-1.63888888888889,-1.00353001596797e-16,100190
-29.88,-60.235,70,"INT296",20181121002000,22.8,0.0146058203601267,-1.25,-7.65404249467096e-17,100210
-29.88,-60.235,70,"INT296",20181121003000,22.6,0.0146064789040718,-0.972222222222222,-5.95314416252186e-17,100190
-29.88,-60.235,70,"INT296",20181121004000,22.7,0.0145154641250136,-1.19444444444444,-7.31386282824114e-17,100210
-29.88,-60.235,70,"INT296",20181121005000,22.2,0.0142431566883294,-1.22222222222222,-7.48395266145605e-17,100220
-46.53,-71.63,254,"INT322",20181121003000,11.8,0.00469479818561545,-0.314269680527354,0.314269680527354,99600
-39.536,-69.298,393,"INT327",20181121001000,22.5,0.00535104158719183,0.50984572120093,-0.728135150479104,95670
-39.536,-69.298,393,"INT327",20181121005000,21.6,0.00539897579971418,-0.314269680527354,-0.314269680527354,95750
-24.894,-65.471,1240,"INT328",20181121000000,21,0.0129403837161228,4.3542997303017e-16,-1.77777777777778,87680
-25.1,-64.225,400,"INT329",20181121001500,27.2,0.0124751620467835,3.26572479772628e-16,-1.33333333333333,100730
-25.1,-64.225,400,"INT329",20181121004500,26.7,0.0116560570282329,4.3542997303017e-16,-1.77777777777778,100750
-23.586,-64.506,398,"INT345",20181121000000,24.5,0.015031206697193,0,0,97540
-24.818,-64.181,456,"INT353",20181121000000,26.5,0.0152957738285531,0,0,100790
-33.737,-59.797,26,"INT358",20181121000000,22.4,0.0167014781269392,0,-0.194444444444444,100290
-33.737,-59.797,26,"INT358",20181121001000,22.9,0.0166847536619933,1.76893426543507e-16,-0.722222222222222,100280
-33.737,-59.797,26,"INT358",20181121002000,23,0.0166088407209177,2.10911393186489e-16,-0.861111111111111,100260
-33.737,-59.797,26,"INT358",20181121003000,22,0.0161184710452434,1.56482646557717e-16,-0.638888888888889,100280
-33.737,-59.797,26,"INT358",20181121004000,22.9,0.016322114679199,2.6534013981526e-16,-1.08333333333333,100270
-33.737,-59.797,26,"INT358",20181121005000,22.2,0.0164907478974575,2.6534013981526e-16,-1.08333333333333,100310
-29.324,-62.458,82,"INT364",20181121000000,25.5,0.00907253494277412,-1.61111111111111,-9.86521032646479e-17,99690
-29.324,-62.458,82,"INT364",20181121001000,25.3,0.00896285367868017,-1.83333333333333,-1.12259289921841e-16,99700
-29.324,-62.458,82,"INT364",20181121002000,25.1,0.00926282221885503,-1.80555555555556,-1.10558391589692e-16,99710
-29.324,-62.458,82,"INT364",20181121003000,24.7,0.0092406588999657,-1.63888888888889,-1.00353001596797e-16,99710
-29.324,-62.458,82,"INT364",20181121004000,24.4,0.00946397203597101,-1.63888888888889,-1.00353001596797e-16,99730
-29.324,-62.458,82,"INT364",20181121005000,24.2,0.00934855848061037,-1.72222222222222,-1.05455696593244e-16,99740
-27.054,-58.712,70,"INT387",20181121000000,24.5,0.0151832104684409,-0.472222222222222,-2.89152716465347e-17,100450
-27.054,-58.712,70,"INT387",20181121001000,24.1,0.0155937601826065,0,-0.305555555555556,100450
-27.054,-58.712,70,"INT387",20181121002000,24.1,0.0155937601826065,-0.694444444444445,-4.25224583037275e-17,100450
-27.054,-58.712,70,"INT387",20181121003000,24,0.0156902464198022,-0.666666666666667,-4.08215599715784e-17,100460
-27.054,-58.712,70,"INT387",20181121004000,23.8,0.0158810435041659,-0.75,-4.59242549680258e-17,100460
-27.054,-58.712,70,"INT387",20181121005000,23.5,0.0161540604846278,-0.75,-4.59242549680258e-17,100460
-30.039,-59.533,52.9,"INT417",20181121000000,19.9,0.0146692218080215,0,0,100650
-30.039,-59.533,52.9,"INT417",20181121001000,20.6,0.0151750261752102,0,0,100660
-30.039,-59.533,52.9,"INT417",20181121002000,21.5,0.0155609120050717,0,-0.138888888888889,100660
-30.039,-59.533,52.9,"INT417",20181121003000,21.9,0.0157870817372893,-0.666666666666667,-4.08215599715784e-17,100650
-30.039,-59.533,52.9,"INT417",20181121004000,22.2,0.0155605262678359,-0.777777777777778,-4.76251533001749e-17,100680
-30.039,-59.533,52.9,"INT417",20181121005000,22.1,0.0151178085478345,-0.694444444444445,-4.25224583037275e-17,100690
-27.215,-61.17,103,"INT419",20181121001000,24.8,0.0137166076596865,0,0,99910
-27.65,-58.77,78.6,"INT421",20181121000000,22.5,0.0150147197241271,-0.75,-4.59242549680258e-17,100400
-27.65,-58.77,78.6,"INT421",20181121001000,22.4,0.0150987806800437,-0.805555555555556,-4.9326051632324e-17,100390
-27.65,-58.77,78.6,"INT421",20181121002000,22.2,0.0150868899931759,-0.722222222222222,-4.42233566358766e-17,100380
-27.65,-58.77,78.6,"INT421",20181121003000,21.8,0.0153940188449269,-0.444444444444444,-2.72143733143856e-17,100370
-27.65,-58.77,78.6,"INT421",20181121004000,21.4,0.0153422424615235,0,-0.333333333333333,100380
-27.65,-58.77,78.6,"INT421",20181121005000,21.2,0.0154776318831801,0,-0.222222222222222,100380
-29.196,-58.044,99,"INT440",20181121000000,21.5,0.0126431572535554,-0.611111111111111,-3.74197633072802e-17,100200
-29.196,-58.044,99,"INT440",20181121001000,21.7,0.0128006673123249,-0.666666666666667,-4.08215599715784e-17,100210
-29.196,-58.044,99,"INT440",20181121002000,21.7,0.0122960966211353,-0.583333333333333,-3.57188649751311e-17,100230
-29.196,-58.044,99,"INT440",20181121003000,21.3,0.0126455873146687,-0.666666666666667,-4.08215599715784e-17,100230
-29.196,-58.044,99,"INT440",20181121004000,20.5,0.0123361121206756,-0.472222222222222,-2.89152716465347e-17,100240
-29.196,-58.044,99,"INT440",20181121005000,20.1,0.0124824250363031,0,-0.222222222222222,100250
-26.101,-65.967,1620,"INT465",20181121000000,22.3,0.00881758504683237,-0.628539361054709,-0.628539361054709,101890
-42.434,-66.893,347,"INT466",20181121000000,24.3,0.00356581972021594,4.02777777777778,7.39890774484859e-16,95750
-42.434,-66.893,347,"INT466",20181121003000,23.6,0.00341848806496956,4.91666666666667,9.03177014371173e-16,95740
-45.606,-69.075,280,"INT467",20181121004000,14.3,0.00490371701774205,1.33333333333333,2.44929359829471e-16,99830
-28.362,-60.149,58,"INT489",20181121000000,24.2,0.0159268538560538,-0.944444444444444,-5.78305432930695e-17,100200
-28.362,-60.149,58,"INT489",20181121001000,25.2,0.0158848438525416,-2.02777777777778,-1.24165578246884e-16,100220
-28.362,-60.149,58,"INT489",20181121002000,25.1,0.0153748705400444,-2.11111111111111,-1.29268273243332e-16,100210
-28.362,-60.149,58,"INT489",20181121003000,25,0.0152797021688856,-2.27777777777778,-1.39473663236226e-16,100220
-28.362,-60.149,58,"INT489",20181121004000,24.8,0.0152975399622911,-2.22222222222222,-1.36071866571928e-16,100220
-28.362,-60.149,58,"INT489",20181121005000,24.7,0.0147968735056396,-2.44444444444444,-1.49679053229121e-16,100240
-28.453,-58.987,70,"INT491",20181121000000,21.6,0.0133860835776216,0,0,100220
-28.453,-58.987,70,"INT491",20181121001000,21.5,0.0131343510454047,0,0,100240
-28.453,-58.987,70,"INT491",20181121002000,21.4,0.0132157076765042,0,0,100250
-28.453,-58.987,70,"INT491",20181121003000,21.1,0.0134531633440431,0,0,100260
-28.453,-58.987,70,"INT491",20181121004000,21.7,0.0136322650528858,0,0,100260
-28.453,-58.987,70,"INT491",20181121005000,21.2,0.0135377852736757,0,0,100260
-25.858,-62.708,203,"INT496",20181121000000,27.1,0.0146138097124036,-0.412478955692153,-0.412478955692153,98250
-25.858,-62.708,203,"INT496",20181121001000,27,0.0147576845741804,-0.471404520791032,-0.471404520791032,98280
-25.858,-62.708,203,"INT496",20181121002000,26.9,0.0146691775408565,1.42875459900525e-16,-0.583333333333333,98280
-25.858,-62.708,203,"INT496",20181121003000,26.6,0.0148674795137876,-0.451762665758072,-0.451762665758072,98280
-25.858,-62.708,203,"INT496",20181121004000,26.5,0.0150057830303407,-0.432120810725112,-0.432120810725112,98290
-25.858,-62.708,203,"INT496",20181121005000,26.4,0.0149154198567362,-0.451762665758072,-0.451762665758072,98290
-27.544,-62.352,137,"INT497",20181121000000,27.8,0.0121913775864059,-1.25707872210942,-1.25707872210942,98950
-27.544,-62.352,137,"INT497",20181121001000,27.7,0.0123613324675804,-1.29636243217534,-1.29636243217534,98950
-27.544,-62.352,137,"INT497",20181121002000,27.4,0.0123789448774734,-1.15886944694462,-1.15886944694462,98960
-27.544,-62.352,137,"INT497",20181121003000,27.4,0.0123751186629517,-1.27672057714238,-1.27672057714238,98990
-27.544,-62.352,137,"INT497",20181121004000,27,0.0125464280751817,-1.06066017177982,-1.06066017177982,99000
-27.544,-62.352,137,"INT497",20181121005000,26.6,0.0124760630975173,-1.36111111111111,-8.3344018275306e-17,99000
-28.614,-62.161,78,"INT498",20181121000000,23,0.0114083483090563,0,0,99630
-28.614,-62.161,78,"INT498",20181121001000,22.5,0.0114101216242412,0,0,99660
-28.614,-62.161,78,"INT498",20181121002000,22.3,0.0117904915182417,0,0,99670
-28.614,-62.161,78,"INT498",20181121003000,21.8,0.0121055623900948,0,0,99670
-28.614,-62.161,78,"INT498",20181121004000,21.6,0.0119556630665759,0,0,99670
-28.614,-62.161,78,"INT498",20181121005000,21.6,0.0117887828053198,0,-0.166666666666667,99670
-26.155,-59.584,90.8,"INT500",20181121000000,22.5,0.016533272287374,0,-0.0277777777777778,99800
-26.155,-59.584,90.8,"INT500",20181121001000,22.4,0.0167856923106327,0,0,99800
-26.155,-59.584,90.8,"INT500",20181121002000,22.2,0.01605133558126,0,-0.0277777777777778,99800
-26.155,-59.584,90.8,"INT500",20181121003000,21.9,0.0155813221278287,0,0,99800
-26.155,-59.584,90.8,"INT500",20181121004000,21.6,0.014784872069229,0,-0.0277777777777778,99810
-26.155,-59.584,90.8,"INT500",20181121005000,21.6,0.015793938205728,0,-0.0277777777777778,99820
-26.5,-61.204,149.7,"INT501",20181121000000,26.3,0.0147526929763284,0,-0.0277777777777778,97290
-26.5,-61.204,149.7,"INT501",20181121001000,26.2,0.0146391148285602,0,-0.0277777777777778,97450
-26.5,-61.204,149.7,"INT501",20181121002000,26.1,0.0145492863220616,0,-0.0277777777777778,97460
-26.5,-61.204,149.7,"INT501",20181121003000,25.9,0.0147441342810232,0,-0.0277777777777778,96510
-26.5,-61.204,149.7,"INT501",20181121004000,25.7,0.0147731154794319,0,-0.0277777777777778,95190
-26.5,-61.204,149.7,"INT501",20181121005000,25.7,0.0148513801755523,0,-0.0277777777777778,94700
-28.44,-59.804,85,"INT511",20181121000000,22.2,0.0203898737048957,-0.472222222222222,-2.89152716465347e-17,74050
-28.44,-59.804,85,"INT511",20181121001000,22.1,0.0205198975977168,-0.5,-3.06161699786838e-17,73980
-28.44,-59.804,85,"INT511",20181121002000,22.1,0.0207784695611037,-0.583333333333333,-3.57188649751311e-17,73910
-28.44,-59.804,85,"INT511",20181121003000,22,0.020636465520328,-0.638888888888889,-3.91206616394293e-17,73950
-28.44,-59.804,85,"INT511",20181121004000,22.3,0.0208058626661339,-0.861111111111111,-5.27278482966222e-17,73890
-28.44,-59.804,85,"INT511",20181121005000,22.6,0.0206747200471886,-0.944444444444444,-5.78305432930695e-17,74010
-29.255,-61.019,67,"INT515",20181121000000,21.2,0.0125756723532446,0,-0.138888888888889,100160
-29.255,-61.019,67,"INT515",20181121001000,20.9,0.0128198477113781,-0.314269680527354,-0.314269680527354,100160
-29.255,-61.019,67,"INT515",20181121002000,20.5,0.0128115399834376,0,-0.222222222222222,100170
-29.255,-61.019,67,"INT515",20181121003000,19.7,0.0127714550796976,0,-0.305555555555556,100180
-29.255,-61.019,67,"INT515",20181121004000,19.9,0.0129354509554062,-0.444444444444444,-2.72143733143856e-17,100170
-29.255,-61.019,67,"INT515",20181121005000,20.1,0.0129454075456925,-0.555555555555556,-3.4017966642982e-17,100190
-36.5,-62,120,"INT652",20181121000000,22.8,0.012107833814369,-0.314269680527354,-0.314269680527354,100100
-34.605,-58.67,22,"INT79",20181121000000,22.6,0.0104512710868453,0,-0.0277777777777778,101020
-34.605,-58.67,22,"INT79",20181121001000,22.5,0.0105601076916082,0,-0.194444444444444,101020
-34.605,-58.67,22,"INT79",20181121002000,22.4,0.0104950458049271,0,-0.138888888888889,101020
-34.605,-58.67,22,"INT79",20181121003000,21.5,0.0109016911095723,0,-0.0277777777777778,101030
-34.605,-58.67,22,"INT79",20181121004000,20.9,0.0103440526183076,0,0,101030
-34.605,-58.67,22,"INT79",20181121005000,20.4,0.0104806274775205,0,0,101040
-36.6258333333,-64.2666666667,0,"PAM01",20181121001100,24.3,0.0133247678638941,0,0,98310
-37.1436111111,-63.6791666667,0,"PAM05",20181121001000,23.3,0.010407466886423,0,0,98890
-37.6477777778,-63.5383333333,0,"PAM06",20181121001100,19.7,0.0105801664268581,-0.430941884663411,-0.777439739679463,98600
-24.962892,-57.550335,181,"PARID_1",20181121000000,24.4,0.015916512904862,-0.636396103067893,0.636396103067893,100250
-24.962892,-57.550335,181,"PARID_1",20181121001000,24.4,0.0159148847617486,-0.636396103067893,0.636396103067893,100260
-24.962892,-57.550335,181,"PARID_1",20181121002000,24.5,0.0160129093512939,-0.565685424949238,0.565685424949238,100260
-24.962892,-57.550335,181,"PARID_1",20181121005000,24.5,0.0162116198511517,-0.565685424949238,0.565685424949238,100270
-22.8024388889,-59.5972916667,144,"PARID_10",20181121000000,26.1,0.017105882939713,-0.369551813004515,0.153073372946036,99620
-22.8024388889,-59.5972916667,144,"PARID_10",20181121003000,25.3,0.0169227083421688,-0.369551813004515,0.153073372946036,99650
-24.961589,-57.368561,150,"PARID_106",20181121000000,23.7,0.0169156681893526,1e+11,1e+11,100530
-24.961589,-57.368561,150,"PARID_106",20181121004000,23.4,0.0169758858218331,1e+11,1e+11,100550
-20.710865,-61.92491,47,"PARID_107",20181121000000,25.6,0.0165178140315477,-0.554327719506772,0.229610059419054,97530
-20.710865,-61.92491,47,"PARID_107",20181121001000,25.5,0.0166346087645914,-0.554327719506772,0.229610059419054,97540
-20.710865,-61.92491,47,"PARID_107",20181121002000,25.4,0.0165316953410357,-0.7,-4.28626379701574e-17,97550
-20.710865,-61.92491,47,"PARID_107",20181121005000,25.1,0.0166466096332942,-0.7,-4.28626379701574e-17,97620
-25.316375,-57.5795277778,170,"PARID_11",20181121000000,26.9,0.0149548211392548,1e+11,1e+11,99460
-25.316375,-57.5795277778,170,"PARID_11",20181121004000,26.4,0.0149594925180494,1e+11,1e+11,99470
-27.096437,-56.531822,194,"PARID_111",20181121000000,23.5,0.0156454256181812,2.69422295812418e-16,-1.1,100110
-27.096437,-56.531822,194,"PARID_111",20181121001000,23.5,0.0160213948299843,2.69422295812418e-16,-1.1,100120
-27.096437,-56.531822,194,"PARID_111",20181121002000,23.1,0.0156262381446772,2.69422295812418e-16,-1.1,100140
-27.096437,-56.531822,194,"PARID_111",20181121005000,22.6,0.0156793021240772,2.44929359829471e-16,-1,100170
-25.471952,-55.950847,236,"PARID_113",20181121000000,23.2,0.0143051348303395,-1.3,-7.9602041944578e-17,97200
-25.471952,-55.950847,236,"PARID_113",20181121001000,22.9,0.0140390794046184,-1.3,-7.9602041944578e-17,97220
-26.93461,-56.22985,240,"PARID_114",20181121000000,22.3,0.0158027352222715,1e+11,1e+11,99780
-26.93461,-56.22985,240,"PARID_114",20181121004000,22.1,0.0161271160163426,1e+11,1e+11,99790
-26.93461,-56.22985,240,"PARID_114",20181121005000,22,0.0158503260228391,1e+11,1e+11,99810
-26.759278,-55.134545,0,"PARID_115",20181121000000,24.3,0.0108880579590272,1e+11,1e+11,98700
-26.759278,-55.134545,0,"PARID_115",20181121002000,23.1,0.0115878334470872,1e+11,1e+11,98710
-26.759278,-55.134545,0,"PARID_115",20181121003000,23.1,0.0117723201856746,1e+11,1e+11,98710
-26.759278,-55.134545,0,"PARID_115",20181121004000,23.2,0.0118450632541144,1e+11,1e+11,98710
-27.305854,-55.886953,0,"PARID_116",20181121000000,24.8,0.0157354961262687,1e+11,1e+11,100030
-27.305854,-55.886953,0,"PARID_116",20181121001000,24.6,0.0157423978827277,0.4,7.34788079488412e-17,100050
-27.305854,-55.886953,0,"PARID_116",20181121004000,24,0.0153624059505387,0.4,7.34788079488412e-17,100080
-21.0375,-57.87083333,0,"PARID_118",20181121000000,1e+11,1e+11,1e+11,1e+11,99630
-21.0375,-57.87083333,0,"PARID_118",20181121001000,1e+11,1e+11,1e+11,1e+11,99620
-21.0375,-57.87083333,0,"PARID_118",20181121002000,1e+11,1e+11,1e+11,1e+11,99640
-21.0375,-57.87083333,0,"PARID_118",20181121005000,1e+11,1e+11,1e+11,1e+11,99670
-25.599169,-57.460051,0,"PARID_119",20181121000000,23.4,0.0155521726823709,-0.153073372946036,0.369551813004515,100090
-25.599169,-57.460051,0,"PARID_119",20181121002000,22.9,0.0147117111942501,-0.153073372946036,0.369551813004515,100110
-25.599169,-57.460051,0,"PARID_119",20181121003000,22.7,0.0148903341327501,1e+11,1e+11,100100
-25.599169,-57.460051,0,"PARID_119",20181121005000,22.3,0.014346760251003,-0.153073372946036,0.369551813004515,100120
-26.646911,-55.267131,390,"PARID_12",20181121001000,22,0.0144909363902086,1e+11,1e+11,98510
-26.646911,-55.267131,390,"PARID_12",20181121004000,21.9,0.0145711295553712,1e+11,1e+11,98530
-26.618139,-56.249355,0,"PARID_120",20181121000000,24.4,0.0156047724498729,-0.153073372946036,0.369551813004515,99710
-26.618139,-56.249355,0,"PARID_120",20181121001000,24.6,0.0159966974479434,-0.267878402655563,0.646715672757901,99730
-26.618139,-56.249355,0,"PARID_120",20181121002000,24.9,0.0158825724049883,-0.424264068711929,0.424264068711929,99720
-26.618139,-56.249355,0,"PARID_120",20181121005000,25.2,0.0161699036460909,-0.267878402655563,0.646715672757901,99760
-25.170016,-57.718587,0,"PARID_127",20181121000000,26.4,0.0147889686316602,-0.369551813004515,-0.153073372946036,100590
-25.170016,-57.718587,0,"PARID_127",20181121002000,26.1,0.0145201822945428,-0.369551813004515,-0.153073372946036,100610
-25.170016,-57.718587,0,"PARID_127",20181121003000,26.1,0.0158356036510913,-0.831491579260158,-0.344415089128581,100600
-25.170016,-57.718587,0,"PARID_127",20181121005000,25.9,0.0160767098497165,-0.282842712474619,0.282842712474619,100610
-26.457342,-56.403309,0,"PARID_128",20181121000000,25.1,0.0118797882684689,-0.282842712474619,0.282842712474619,100130
-26.457342,-56.403309,0,"PARID_128",20181121002000,24.9,0.0119378363769745,-0.282842712474619,0.282842712474619,100140
-26.457342,-56.403309,0,"PARID_128",20181121003000,24.6,0.0119185012579523,-0.636396103067893,0.636396103067893,100160
-26.457342,-56.403309,0,"PARID_128",20181121005000,24.7,0.0119888988023678,-0.636396103067893,0.636396103067893,100180
-24.741691,-58.835922,0,"PARID_133",20181121000000,23.4,0.0164844990767899,-0.267878402655563,0.646715672757901,100130
-24.741691,-58.835922,0,"PARID_133",20181121001000,23.3,0.0167565476584824,-0.494974746830583,0.494974746830583,100130
-24.741691,-58.835922,0,"PARID_133",20181121002000,23.1,0.0163635868108558,-0.565685424949238,0.565685424949238,100140
-24.741691,-58.835922,0,"PARID_133",20181121005000,23.1,0.0156262381446772,-0.831491579260158,0.344415089128581,100140
-26.5931194444,-56.8518277778,188,"PARID_2",20181121000000,26.6,0.0150206076250295,1e+11,1e+11,100250
-26.5931194444,-56.8518277778,188,"PARID_2",20181121001000,26.4,0.0152875303212816,1e+11,1e+11,100250
-26.5931194444,-56.8518277778,188,"PARID_2",20181121004000,25.1,0.015569498598456,1e+11,1e+11,100290
-25.2358222222,-57.514725,182,"PARID_20",20181121002000,24.3,0.0156180664621853,1e+11,1e+11,100270
-25.2358222222,-57.514725,182,"PARID_20",20181121004000,24.6,0.0155025846080898,-0.153073372946036,0.369551813004515,100290
-25.2358222222,-57.514725,182,"PARID_20",20181121005000,24.7,0.0155978646401184,-0.212132034355964,0.212132034355964,100290
-26.1698555556,-56.359875,317,"PARID_21",20181121000000,24.4,0.0154270790032667,-1.4,-8.57252759403147e-17,99570
-26.1698555556,-56.359875,317,"PARID_21",20181121001000,24.3,0.0155315870711028,-1.2,-7.34788079488412e-17,99570
-26.1698555556,-56.359875,317,"PARID_21",20181121002000,24.3,0.0153295014080225,-1.6,-9.79717439317883e-17,99590
-26.1698555556,-56.359875,317,"PARID_21",20181121005000,24.2,0.0144403452072632,-1.8,-1.10218211923262e-16,99630
-26.8340777778,-55.3317638889,391,"PARID_22",20181121000000,24.5,0.0135098738049377,0.8,1.46957615897682e-16,98160
-26.8340777778,-55.3317638889,391,"PARID_22",20181121001000,24.3,0.0129448809491806,0.7,1.28587913910472e-16,98160
-26.8340777778,-55.3317638889,391,"PARID_22",20181121002000,24.5,0.0126976305539591,0.344145861810628,-0.491491226573395,98170
-26.8340777778,-55.3317638889,391,"PARID_22",20181121005000,22.8,0.0139919692849707,0.286788218175523,-0.409576022144496,98210
-25.2863361111,-57.6553166667,157,"PARID_23",20181121000000,28.5,0.0105898207014058,-0.038268343236509,0.0923879532511287,99790
-25.2863361111,-57.6553166667,157,"PARID_23",20181121001000,28.3,0.0104653400802951,-1.22464679914735e-17,0.1,99790
-25.2863361111,-57.6553166667,157,"PARID_23",20181121004000,27.9,0.0111858301534768,1e+11,1e+11,99810
-23.44081937,-57.43030005,176,"PARID_24",20181121000000,25.4,0.0133533018232796,-2.95641450403612,1.22458698356829,100140
-23.44081937,-57.43030005,176,"PARID_24",20181121001000,25.3,0.0132697335213803,-2.86402655078499,1.18631864033178,100160
-23.44081937,-57.43030005,176,"PARID_24",20181121004000,24.8,0.0132725242036785,-1.9401470182737,0.803635207966688,100190
-23.44081937,-57.43030005,176,"PARID_24",20181121005000,24.6,0.0131115223135755,-1.9,-1.16341445918999e-16,100190
-25.5153888889,-56.4083638889,264,"PARID_26",20181121000000,23.1,0.0118577409964192,-1.4142135623731,1.4142135623731,99520
-25.5153888889,-56.4083638889,264,"PARID_26",20181121001000,22.8,0.011818823616853,-1.47820725201806,0.612293491784144,99530
-25.5153888889,-56.4083638889,264,"PARID_26",20181121002000,23.1,0.0116723163008875,-0.565685424949238,-0.565685424949238,99540
-25.5153888889,-56.4083638889,264,"PARID_26",20181121005000,23.1,0.0116699275279636,-0.184775906502257,-0.076536686473018,99560
-26.8811722222,-58.3184694444,234,"PARID_27",20181121000000,24,0.0122244103148829,-1.01626748576242,0.420951775601599,100430
-26.8811722222,-58.3184694444,234,"PARID_27",20181121001000,24,0.0122231693115911,-0.73910362600903,0.306146745892072,100440
-26.8811722222,-58.3184694444,234,"PARID_27",20181121004000,23.8,0.0128313123455462,-0.369551813004515,0.153073372946036,100450
-23.496666624,-58.7901111111,372,"PARID_29",20181121000000,25.2,0.0132501214653464,-0.574025148547635,1.38581929876693,99710
-23.496666624,-58.7901111111,372,"PARID_29",20181121001000,25,0.0134999977250291,-0.919238815542512,0.919238815542512,99720
-23.496666624,-58.7901111111,372,"PARID_29",20181121002000,24.7,0.0132539457365,-0.535756805311126,1.2934313455158,99730
-27.3982055556,-56.8525472222,191,"PARID_3",20181121001000,23.4,0.0153082659838978,-0.369551813004515,-0.153073372946036,100450
-25.3127222222,-57.3001694444,172,"PARID_31",20181121000000,26.5,0.0149241222752439,-0.191341716182545,0.461939766255643,100290
-25.3127222222,-57.3001694444,172,"PARID_31",20181121001000,26.4,0.0148312340974705,1e+11,1e+11,100310
-25.3127222222,-57.3001694444,172,"PARID_31",20181121002000,26.1,0.0147839015721596,-0.153073372946036,-0.369551813004515,100310
-25.3127222222,-57.3001694444,172,"PARID_31",20181121005000,25.5,0.0153108936184306,-1.4,-8.57252759403147e-17,100330
-24.66522743,-56.4570926,232,"PARID_32",20181121000000,24.9,0.0147478012408861,-1.9401470182737,0.803635207966688,99060
-24.66522743,-56.4570926,232,"PARID_32",20181121001000,24.7,0.0145656165419566,-1.9401470182737,0.803635207966688,99080
-24.66522743,-56.4570926,232,"PARID_32",20181121002000,24.6,0.0146812944059177,-2.1,-1.28587913910472e-16,99070
-24.66522743,-56.4570926,232,"PARID_32",20181121005000,24.1,0.0146289456398714,-2.5,-1.53080849893419e-16,99090
-22.1604999753,-57.9426972222,306,"PARID_34",20181121000000,25.6,0.0147936918207991,-0.688830178257162,1.66298315852032,100140
-22.1604999753,-57.9426972222,306,"PARID_34",20181121001000,25.4,0.0146133829005726,-0.574025148547635,1.38581929876693,100150
-22.1604999753,-57.9426972222,306,"PARID_34",20181121002000,25.3,0.0145232324590353,-0.76536686473018,1.84775906502257,100160
-22.1604999753,-57.9426972222,306,"PARID_34",20181121005000,24.9,0.0139664655366662,-0.76536686473018,1.84775906502257,100180
-26.880828,-58.287989,163,"PARID_36",20181121000000,24.6,0.0136627660830759,-0.831491579260158,-0.344415089128581,100540
-26.880828,-58.287989,163,"PARID_36",20181121001000,24.3,0.0132186187736759,-0.831491579260158,-0.344415089128581,100540
-26.880828,-58.287989,163,"PARID_36",20181121004000,23.9,0.0136599063692708,-0.831491579260158,-0.344415089128581,100560
-22.0305221252,-60.61866532,84,"PARID_39",20181121000000,26.7,0.0190049063992551,1e+11,1e+11,99070
-22.0305221252,-60.61866532,84,"PARID_39",20181121003000,26.5,0.0185415215832471,1e+11,1e+11,99090
-22.0305221252,-60.61866532,84,"PARID_39",20181121005000,26.5,0.0180798721467044,1e+11,1e+11,99100
-27.344771,-57.641127,163,"PARID_4",20181121000000,23.8,0.0154822659335411,1e+11,1e+11,100560
-27.344771,-57.641127,163,"PARID_4",20181121004000,22.9,0.0151819239519451,1e+11,1e+11,100590
-27.344771,-57.641127,163,"PARID_4",20181121005000,22.8,0.0152661830142503,1e+11,1e+11,100600
-27.22075685,-55.83406804,393,"PARID_40",20181121000000,25.7,0.0133193192619517,0.459220118838107,1.10865543901354,99050
-27.22075685,-55.83406804,393,"PARID_40",20181121001000,25.5,0.0133721726051529,1.06066017177982,1.06066017177982,99050
-27.22075685,-55.83406804,393,"PARID_40",20181121002000,25.6,0.0134521454290671,0.919238815542512,0.919238815542512,99060
-27.22075685,-55.83406804,393,"PARID_40",20181121005000,25.1,0.0136707133822811,0.777817459305202,0.777817459305203,99090
-25.75398778,-56.43803145,280,"PARID_41",20181121000000,25.3,0.0142444747176599,-0.612293491784144,1.47820725201806,99200
-25.75398778,-56.43803145,280,"PARID_41",20181121001000,25.2,0.0141551133943415,-0.650561835020653,1.57059520526919,99220
-25.75398778,-56.43803145,280,"PARID_41",20181121002000,24.7,0.0143407492437608,-0.535756805311126,1.2934313455158,99220
-25.75398778,-56.43803145,280,"PARID_41",20181121005000,23.7,0.0142513317657447,-0.38268343236509,0.923879532511287,99240
-23.57641667,-60.368375,0,"PARID_42",20181121001000,25,0.016237691478474,-0.497488462074617,1.20104339226467,99420
-23.57641667,-60.368375,0,"PARID_42",20181121004000,24.6,0.0156352066320372,-0.574025148547635,1.38581929876693,99460
-23.57641667,-60.368375,0,"PARID_42",20181121005000,24.5,0.0159414698628613,-0.459220118838108,1.10865543901354,99470
-25.324221,-57.638974,180,"PARID_70",20181121000000,26.6,0.0154654750066348,1e+11,1e+11,100300
-25.324221,-57.638974,180,"PARID_70",20181121001000,26.3,0.0151891532783492,1e+11,1e+11,100290
-25.324221,-57.638974,180,"PARID_70",20181121004000,25.9,0.0150394616836795,1e+11,1e+11,100310
-25.460107,-56.462447,0,"PARID_74",20181121000000,25.7,0.0152309770178172,1e+11,1e+11,99290
-25.460107,-56.462447,0,"PARID_74",20181121001000,25.5,0.0150437839044925,1e+11,1e+11,99310
-25.460107,-56.462447,0,"PARID_74",20181121004000,24.6,0.0148430175048375,1e+11,1e+11,99340
-25.276701,-57.637571,185,"PARID_8",20181121000000,29.1,0.0140261988071092,-0.831491579260158,0.344415089128581,100320
-25.276701,-57.637571,185,"PARID_8",20181121001000,28.8,0.0140340596883972,-0.831491579260158,0.344415089128581,100330
-25.276701,-57.637571,185,"PARID_8",20181121004000,28.2,0.0145298161219814,-0.369551813004515,0.153073372946036,100350
-35.6731,-65.42411,320,"REM2",20181121000000,25.4,0.010660942767854,1e+11,1e+11,99150
-35.6731,-65.42411,320,"REM2",20181121001600,25,0.0107135787605694,1e+11,1e+11,99150
-35.6731,-65.42411,320,"REM2",20181121003200,24.5,0.010928566775295,1e+11,1e+11,99170
-35.6731,-65.42411,320,"REM2",20181121004800,23.8,0.010787196756393,1e+11,1e+11,99250
-33.15642,-66.31473,830,"REM20",20181121000000,25.8,0.009913067102305,-0.681101803430036,-2.95017602948863,91520
-33.15642,-66.31473,830,"REM20",20181121001600,25,0.00990779068712225,-1.66824575305843,-3.42041067619405,91550
-33.15642,-66.31473,830,"REM20",20181121003200,25.8,0.00993301871757843,-1.76090942391958,-3.77628244598604,91550
-33.15642,-66.31473,830,"REM20",20181121004800,23.8,0.0101969206946436,-1.42558620272167,-3.52844966876805,91580
-32.05826,-65.34197,459,"REM23",20181121000000,24.2,0.0127994655748371,1e+11,1e+11,95520
-32.05826,-65.34197,459,"REM23",20181121001600,23.5,0.0126462634651844,1e+11,1e+11,95570
-32.05826,-65.34197,459,"REM23",20181121003200,23,0.0120690335271013,1e+11,1e+11,95600
-32.05826,-65.34197,459,"REM23",20181121004800,22.6,0.0120333715162199,1e+11,1e+11,95600
-33.46051,-65.42903,699,"REM49",20181121001200,24.2,0.0112367056505466,0.0795054071031847,-4.55486172237912,93080
-33.46051,-65.42903,699,"REM49",20181121002700,24.4,0.0111398374934475,0.397042828072666,-4.53822029130684,93100
-33.46051,-65.42903,699,"REM49",20181121004000,24.6,0.0110590529232607,0.773481521587809,-4.88357012849818,93130
-33.275921,-66.353356,768,"REM58",20181121000000,26.6,0.010078276576456,-3.70383127723177,-0.586629243900866,92440
-33.275921,-66.353356,768,"REM58",20181121001600,25.9,0.010455096407083,0,-2.61111111111111,92410
-33.275921,-66.353356,768,"REM58",20181121003200,25.6,0.0104625369972307,-2.57150190210634,-1.54511422473016,92500
-33.275921,-66.353356,768,"REM58",20181121004800,24.3,0.0105565489629492,0.826912067450999,-2.88378508781496,92480
-32.378914,-65.180141,622,"REM59",20181121000000,25.2,0.0122453541478293,-2.19173826781263,-1.83908677215871,93800
-32.378914,-65.180141,622,"REM59",20181121001600,24.1,0.0121604862021621,-2.60327405789937,-0.795900751745228,93900
-32.378914,-65.180141,622,"REM59",20181121003200,22.4,0.0120925884989296,-2.86897852408986,-0.662355882234713,93850
-32.378914,-65.180141,622,"REM59",20181121004800,21.8,0.0118591085808325,-3.3736306668696,-1.03142240277188,93900
-33.725452,-65.385817,482,"REM60",20181121000000,28.2,0.00953360057855958,-1.55061590588532,-1.12658840022724,95090
-33.725452,-65.385817,482,"REM60",20181121001600,25.6,0.00979152221926183,0.497283896510428,-1.99449677067844,95140
-33.725452,-65.385817,482,"REM60",20181121003200,25.9,0.0100375981862583,-0.366590597296853,-2.07903858969244,95140
-33.725452,-65.385817,482,"REM60",20181121004800,24.5,0.0100473396654501,0.274480282449019,-1.95302869112921,95170
-33.6504952,-65.4220356,507,"REM80",20181121000000,26,0.0103541319283385,0,0,94260
-33.6504952,-65.4220356,507,"REM80",20181121001500,26,0.0103541319283385,0,0,94260
-33.6504952,-65.4220356,507,"REM80",20181121003000,26,0.0103541319283385,0,0,94260
-33.6504952,-65.4220356,507,"REM80",20181121004500,24,0.0105950113497081,0,0,94240
-22.1,-65.6,3459,"SMN87007",20181121000000,15.4,0.00150737821999904,-1.91511110779745,-1.60696902421635,310600
-23.15,-64.3166666667,357,"SMN87016",20181121000000,25.8,0.0167848353811557,0,0,100950
-22.65,-63.8166666667,450,"SMN87022",20181121000000,25,0.0168138246792047,0,0,96100
-24.0166666667,-65.1833333333,1302,"SMN87043",20181121000000,19,0.00837485237443839,0.714208455207266,-0.85116049235442,150200
-24.3833333333,-65.0833333333,905,"SMN87046",20181121000000,22.4,0.00875391460177207,-1.27674073853163,-1.0713126828109,150000
-24.85,-65.4833333333,1221,"SMN87047",20181121000000,21.2,0.00766875836610216,-1.04506154905065,-2.87128300795694,150600
-24.0166666667,-62.9,205,"SMN87065",20181121000000,27.3,0.0164121040338621,0,0,98630
-24.7,-60.5833333333,130,"SMN87078",20181121000000,26.6,0.0146582626883618,0,0,99650
-25.7333333333,-54.4666666667,270,"SMN87097",20181121000000,25,0.0130758948779178,0,0,101350
-26.85,-65.1,450,"SMN87121",20181121000000,27.4,0.0149699280597558,0,0,100770
-26.5166666667,-63.0666666667,280,"SMN87127",20181121000000,29,0.0121962456198962,1.22464679914735e-15,-5,97740
-27.7666666667,-64.3,199,"SMN87129",20181121000000,28.7,0.0128710079412677,-1.91511110779745,-1.60696902421635,100810
-26.75,-60.4,93,"SMN87148",20181121000000,24.6,0.0142168983443026,-1.56615436797651,0.570033572209448,100850
-27.45,-59.05,52,"SMN87155",20181121000000,24.5,0.0125036196538701,-2.5,-1.53080849893419e-16,101220
-26.2,-58.2333333333,60,"SMN87162",20181121000000,25.2,0.016344601566183,0,0,101220
-26.25,-53.65,815,"SMN87163",20181121000000,21,0.0117494625196172,-1.02053899928946e-16,0.833333333333333,92370
-27.45,-58.7666666667,62,"SMN87166",20181121000000,24.7,0.0130507980757834,-1.94444444444444,-1.19062883250437e-16,101250
-27.5833333333,-56.0666666667,72,"SMN87173",20181121000000,24.2,0.0160973472366153,-0.982092751647983,0.982092751647983,100360
-27.3666666667,-55.9666666667,125,"SMN87178",20181121000000,27,0.0129422751937727,1.91511110779744,1.60696902421635,101270
-27.4833333333,-55.1333333333,303,"SMN87187",20181121000000,24.8,0.0125603705451454,-0.833333333333333,-5.10269499644731e-17,97860
-28.0666666667,-67.5666666667,1201,"SMN87211",20181121000000,29.2,0.0105189384355309,-2.5,-1.53080849893419e-16,87580
-29.2333333333,-67.4333333333,945,"SMN87213",20181121000000,29.1,0.0106907535940513,2.55344115428475,2.55344115428476,90460
-29.3833333333,-66.8166666667,429,"SMN87217",20181121000000,31.3,0.0124159662048612,1.66666666666667,3.06161699786838e-16,100270
-28.6,-65.7666666667,454,"SMN87222",20181121000000,29.3,0.0118155441548465,-2.85016786104724,-7.83077183988257,100410
-29.9,-63.6833333333,341,"SMN87244",20181121000000,26,0.0139587884089854,2.72143733143856e-16,-1.11111111111111,100890
-29.8833333333,-61.95,88,"SMN87257",20181121000000,21.2,0.0100732883224328,-3.05555555555556,-1.87098816536401e-16,100900
-29.1833333333,-59.7,53,"SMN87270",20181121000000,24.5,0.0136804278208753,-1.27674073853163,-1.0713126828109,101240
-29.2166666667,-58.1,107,"SMN87281",20181121000000,23.2,0.0104221812349148,-1.38888888888889,-8.50449166074551e-17,99880
-29.6833333333,-57.15,70,"SMN87289",20181121000000,22.5,0.0113849103289372,-1.11111111111111,-6.80359332859641e-17,101390
-31.5666666667,-68.4166666667,598,"SMN87311",20181121000000,30.4,0.00733673291042494,-4.42233566358766e-16,3.61111111111111,100400
-30.3666666667,-66.2833333333,461,"SMN87320",20181121000000,32.5,0.0104494547672503,-1.94444444444444,-1.19062883250437e-16,100520
-31.95,-65.1333333333,569,"SMN87328",20181121000000,26,0.0103385209906553,-3.61111111111111,-2.21116783179383e-16,94400
-31.3166666667,-64.2166666667,474,"SMN87344",20181121000000,25.9,0.00749874656301341,-1.80510631199659,-4.95948883192563,100800
-31.4,-64.1833333333,425,"SMN87345",20181121000000,28.2,0.00959616475405213,-3.61743209250629,-3.03538593463088,100510
-31.45,-64.2666666667,502,"SMN87347",20181121000000,28.6,0.00954811410203267,-4.68138270794931,-3.92814650363996,100800
-31.66,-63.88,338,"SMN87349",20181121000000,26.5,0.00995743213925352,1.29268273243332e-15,-5.27777777777778,100890
-29.0333333333,-60.6666666667,92,"SMN87356",20181121000000,23,0.0107402976200216,-1.91511110779745,-1.60696902421635,100760
-30.7333333333,-60.5,99,"SMN87360",20181121000000,23.2,0.0114956892661288,-1.76776695296637,-1.76776695296637,100090
-31.7,-60.8166666667,18,"SMN87371",20181121000000,24.9,0.0120195374283557,-4.43743737593346,-1.6150951212601,101130
-31.7833333333,-60.4833333333,78,"SMN87374",20181121000000,22,0.0112256002297754,4.76251533001749e-16,-1.94444444444444,101210
-30.2666666667,-57.65,54,"SMN87393",20181121000000,23.8,0.0114244208442993,-1.56615436797651,-0.570033572209448,101150
-31.3,-58.0166666667,38,"SMN87395",20181121000000,22.8,0.0110727452602965,-0.570033572209448,-1.56615436797651,101360
-32.6,-69.0333333333,1891,"SMN87405",20181121000000,23,0.00980147696861966,0,0,81330
-33.7666666667,-69.0333333333,940,"SMN87412",20181121000000,23,0.00468248072644697,1.43394109087762,-2.04788011072248,90060
-33.0833333333,-68.4166666667,653,"SMN87416",20181121000000,35.8,0.00552561554488877,0,0,100020
-32.0833333333,-68.7833333333,704,"SMN87418",20181121000000,29.6,0.0101741213263982,0,0,100330
-32.8833333333,-68.85,827,"SMN87420",20181121000000,25.8,0.00685516382495453,0,0,146000
-33.2666666667,-66.35,713,"SMN87436",20181121000000,26.4,0.0108149803504837,-0.855050358314172,-2.34923155196477,100510
-32.0666666667,-65.3166666667,620,"SMN87444",20181121000000,25.8,0.0123299496401806,0,0,93820
-33.7333333333,-65.3833333333,486,"SMN87448",20181121000000,26.4,0.0105939243778857,-1.91511110779745,-1.60696902421635,100520
-33.1166666667,-64.2333333333,421,"SMN87453",20181121000000,28.2,0.00885457758869953,2.24518579843681e-15,-9.16666666666667,100640
-32.7,-62.15,114,"SMN87467",20181121000000,23.8,0.0103420981643119,-5.10696295412652,-4.2852507312436,100750
-33.0666666667,-61.9666666667,112,"SMN87468",20181121000000,23.9,0.0126480238224302,-2.74985970461435,-2.74985970461435,99520
-32.2,-61.0666666667,96,"SMN87470",20181121000000,24.4,0.00964734315644603,2.04107799857892e-16,-0.833333333333333,99860
-32.9166666667,-60.7833333333,25,"SMN87480",20181121000000,21.7,0.00987893607717817,-1.23507273978714,-3.39333446394911,101080
-33,-58.6166666667,21,"SMN87497",20181121000000,23.8,0.0101135941135687,-2.76627160015187,-2.32117747942361,101150
-35.05,-69.5833333333,1425,"SMN87506",20181121000000,22.2,0.00124140990533442,1.48953086162023,1.24986479661272,147500
-34.5833333333,-68.4,748,"SMN87509",20181121000000,25.3,0.00766475631837791,-1.36071866571928e-16,1.11111111111111,100480
-35.7,-63.75,145,"SMN87532",20181121000000,26.9,0.0129549697249794,-2.76627160015187,-2.32117747942361,100580
-34.1333333333,-63.3666666667,137,"SMN87534",20181121000000,26.6,0.0095972199516109,-2.09012309810131,-5.74256601591388,100660
-35.9666666667,-62.7333333333,95,"SMN87540",20181121000000,27.2,0.0152036177870952,-0.982092751647983,-0.982092751647983,99610
-35.8666666667,-61.9,87,"SMN87544",20181121000000,25,0.0139020191101827,4.76251533001749e-16,-1.94444444444444,99790
-34.55,-60.9166666667,81,"SMN87548",20181121000000,23,0.00787873668489657,1.76893426543507e-15,-7.22222222222222,100870
-35.45,-60.8833333333,76,"SMN87550",20181121000000,25,0.0128396303360111,4.76251533001749e-16,-1.94444444444444,100050
-34.45,-58.5833333333,3,"SMN87553",20181121000000,24,0.00948200853742489,0.855050358314172,-2.34923155196477,101150
-36.0333333333,-59.1333333333,36,"SMN87563",20181121000000,24,0.0133838921840692,1.94444444444444,3.57188649751311e-16,100380
-34.6,-58.6,12,"SMN87571",20181121000000,25,0.0100772726924307,-1.48953086162024,-1.24986479661272,101140
-34.55,-58.8166666667,32,"SMN87572",20181121000000,23.8,0.0103400114275319,6.12323399573677e-16,-2.5,100770
-33.3166666667,-57.2666666667,36,"SMN87573",20181121000000,23.9,0.0097889309889691,0,0,101260
-34.0666666667,-58.6333333333,24,"SMN87574",20181121000000,25.4,0.0103303872072504,-0.665039167577689,-1.8271800959726,101080
-34.8166666667,-58.5333333333,20,"SMN87576",20181121000000,26.6,0.00867407762708876,6.12323399573677e-16,-2.5,101100
-34.5666666667,-58.4166666667,6,"SMN87582",20181121000000,25.1,0.0117553592859309,1.04506154905065,-2.87128300795694,101170
-34.5833333333,-58.4833333333,25,"SMN87585",20181121000000,27,0.0088800008003459,1.0713126828109,-1.27674073853163,101140
-34.9666666667,-57.9,23,"SMN87593",20181121000000,25,0.0119148201552383,1.7525946666282,-2.50296457977192,100930
-35.3666666667,-57.2833333333,22,"SMN87596",20181121000000,19.2,0.0124427262278512,-2.16060405362556,-2.16060405362556,100760
-36.2166666667,-65.4333333333,312,"SMN87616",20181121000000,26.6,0.0108892065262489,-2.5,-1.53080849893419e-16,96980
-36.5666666667,-64.2666666667,191,"SMN87623",20181121000000,25.6,0.0102993100923233,1.60696902421635,-1.91511110779744,100580
-37.4333333333,-61.8833333333,233,"SMN87637",20181121000000,19.9,0.011859202519433,4.76251533001749e-16,-1.94444444444444,97920
-36.2,-61.0666666667,94,"SMN87640",20181121000000,23.4,0.0137595303133252,0.477980363625872,-0.68262670357416,99540
-36.0833333333,-59.8833333333,147,"SMN87641",20181121000000,24.2,0.0131006761979453,6.12323399573677e-16,-2.5,100820
-36.8833333333,-60.2166666667,166,"SMN87643",20181121000000,23.6,0.0138269669507446,4.76251533001749e-16,-1.94444444444444,98930
-37.2333333333,-59.25,175,"SMN87645",20181121000000,21.8,0.0124638625712274,1.23507273978714,-3.39333446394911,100840
-36.35,-57.7333333333,9,"SMN87648",20181121000000,22.4,0.0127651960047097,1.04506154905065,-2.87128300795694,100830
-37.7166666667,-59.7833333333,207,"SMN87649",20181121000000,23,0.013418632272964,6.12323399573677e-16,-2.5,98250
-37.2333333333,-57.0166666667,9,"SMN87663",20181121000000,22.8,0.0128983170806439,1.11528751512703,-1.59279564167304,100900
-37.6,-62.3833333333,304,"SMN87679",20181121000000,20.2,0.0112378429893124,0,0,97180
-38.0166666667,-61.0333333333,247,"SMN87683",20181121000000,22.3,0.011478453549061,1.43394109087762,-2.04788011072248,97880
-38.0333333333,-60.25,115,"SMN87688",20181121000000,23.4,0.0130706647554566,2.04107799857892e-16,-0.833333333333333,99090
-37.9333333333,-57.5833333333,21,"SMN87692",20181121000000,24.2,0.0131073134634005,1.63286239886314e-15,-6.66666666666667,100770
-38.95,-68.1333333333,271,"SMN87715",20181121000000,28.4,0.00409382366876182,8.09179756787865,2.94517345641549,100420
-38.95,-67.9666666667,265,"SMN87719",20181121000000,28.5,0.00374574478084846,6.66666666666667,1.22464679914735e-15,97350
-39.0166666667,-64.0833333333,79,"SMN87736",20181121000000,24.6,0.00961001418667153,6.12323399573677e-16,-2.5,99420
-38.7333333333,-62.0166666667,83,"SMN87750",20181121000000,18.8,0.0104850443957147,1.42508393052362,-3.91538591994129,100590
-40.0833333333,-71.1333333333,779,"SMN87761",20181121000000,13.8,0.00646370769885183,10.2777777777778,1.8879971486855e-15,91880
-41.15,-71.1666666667,840,"SMN87765",20181121000000,12.3,0.00384997516443746,9.135900479863,-3.32519583788844,141600
-41.25,-68.7333333333,888,"SMN87774",20181121000000,17.2,0.00379176603042773,5.25778399988459,-7.50889373931576,90500
-40.7333333333,-64.95,7,"SMN87784",20181121000000,28.8,0.00297367529075015,9.72222222222222,1.78594324875656e-15,99700
-40.85,-63.0166666667,7,"SMN87791",20181121000000,24.8,0.00607630647315555,1.04506154905065,-2.87128300795694,100110
-41.9666666667,-71.5166666667,337,"SMN87800",20181121000000,15.3,0.00779496819586681,0,0,96730
-42.9666666667,-71.15,794,"SMN87803",20181121000000,11.5,0.00518676945155998,11.3888888888889,2.0921049485434e-15,99920
-43.8166666667,-68.8833333333,460,"SMN87814",20181121000000,16.9,0.00459506496600361,7.85674201318386,7.85674201318386,94330
-42.7333333333,-65.0666666667,136,"SMN87823",20181121000000,22.6,0.00447139015643255,4.95948883192563,-1.80510631199658,99690
-43.2,-65.2666666667,43,"SMN87828",20181121000000,23.4,0.00469488550579276,1.60696902421635,-1.91511110779744,99690
-46.5166666667,-71.0166666667,429,"SMN87852",20181121000000,10.7,0.0046985722899326,15.2777777777778,2.80648224804602e-15,94240
-45.7833333333,-67.5,46,"SMN87860",20181121000000,20,0.00396557511757767,5.74256601591389,-2.09012309810131,99450
-48.7833333333,-70.1666666667,356,"SMN87880",20181121000000,12.8,0.00390556167224566,12.2222222222222,2.24518579843681e-15,94590
-47.7333333333,-65.9166666667,80,"SMN87896",20181121000000,19.7,0.00736146837653938,15.2777777777778,2.80648224804602e-15,97910
-49.7333333333,-71.95,204,"SMN87904",20181121000000,9.2,0.00308597828140697,5.55555555555556,1.02053899928946e-15,98850
-49.3166666667,-67.7833333333,62,"SMN87909",20181121000000,15.8,0.00374600675827917,12.7777777777778,2.34723969836576e-15,98760
-50.0166666667,-68.5666666667,111,"SMN87912",20181121000000,12.8,0.00455902325865201,14.1666666666667,2.60237444818813e-15,97340
-51.6166666667,-69.2833333333,19,"SMN87925",20181121000000,10.4,0.00376523416900594,9.65795193585517,3.51520702862494,98360
-53.8,-67.75,22,"SMN87934",20181121000000,4.1,0.00486825063157934,4.16666666666667,7.65404249467096e-16,98010
-54.8,-68.3166666667,14,"SMN87938",20181121000000,7.2,0.00447789702228357,-2.67828170702725,3.19185184632908,97930
-63.4,-56.9833333333,13,"SMN88963",20181121000000,-5,0.00195686386007771,-0.66503916757769,1.8271800959726,96860
-60.75,-44.7166666667,6,"SMN88968",20181121000000,-0.7,0.00304239882714637,-0.833333333333333,-5.10269499644731e-17,96620
-77.8666666667,-34.6166666667,251,"SMN89034",20181121000000,-4.2,0.00208343055159775,-1.60696902421635,1.91511110779744,97990
-62.2333333333,-58.6333333333,4,"SMN89053",20181121000000,0.4,0.00337222866098807,8.33333333333333,1.53080849893419e-15,96800
-64.2333333333,-56.7166666667,198,"SMN89055",20181121000000,-9.1,0.00182313945552384,-1.0713126828109,1.27674073853163,96890
-67.8666666667,-66.8666666667,7,"SMN89066",20181121000000,-3.6,0.0021652943665505,-6.94444444444445,-4.25224583037275e-16,95930
-27.20166,-65.61866,435,"TUC1",20181121000000,25.2,0.0168023755934494,0,0,96100
-27.20166,-65.61866,435,"TUC1",20181121001500,25,0.0170279314037469,0,0,96110
-27.20166,-65.61866,435,"TUC1",20181121003000,24.4,0.0164106580387992,0,0,96120
-27.20166,-65.61866,435,"TUC1",20181121004500,24.1,0.0159048594876837,0,0,96130
-26.92017,-65.67433,1910,"TUC10",20181121000000,16.8,0.0129160985851384,0,0,80720
-26.92017,-65.67433,1910,"TUC10",20181121001500,16.4,0.0125853885083119,0,0,80720
-26.92017,-65.67433,1910,"TUC10",20181121003000,16.1,0.0124856268990341,0,0,80740
-26.92017,-65.67433,1910,"TUC10",20181121004500,15.8,0.0123875723723141,0,0,80740
-26.39407,-65.29967,781,"TUC1025",20181121000000,25.4,0.0138599327719727,-1.03111924831705,-2.48934207371097,92100
-26.39407,-65.29967,781,"TUC1025",20181121001500,25.1,0.0138306333580695,6.59948552873852e-16,-2.69444444444444,92120
-26.39407,-65.29967,781,"TUC1025",20181121003000,24.6,0.0136312872365905,0.480976919862451,-2.16954668248874,92130
-26.8085,-65.7205,2437,"TUC11",20181121000000,14.2,0.0125440198337847,0,0,76040
-26.8085,-65.7205,2437,"TUC11",20181121001500,13.8,0.0122149429231209,0,0,76050
-26.8085,-65.7205,2437,"TUC11",20181121003000,13.3,0.0118165445100077,0,0,76050
-26.8085,-65.7205,2437,"TUC11",20181121004500,13.7,0.0124004633349794,0,0,76050
-26.9205,-65.77017,2278,"TUC12",20181121000000,14.6,0.0123207012388879,0.314269680527354,0.314269680527354,77710
-26.9205,-65.77017,2278,"TUC12",20181121001500,14.4,0.0121578971194009,0,0,77720
-26.9205,-65.77017,2278,"TUC12",20181121003000,14.1,0.0119181153606467,0,0,77730
-26.9205,-65.77017,2278,"TUC12",20181121004500,13.8,0.0118149774960025,0,0,77730
-27.636,-65.3375,312,"TUC14",20181121000000,26.5,0.0170257350195071,0,0,97280
-27.636,-65.3375,312,"TUC14",20181121001500,25.9,0.0175367810041498,0,0,97310
-27.636,-65.3375,312,"TUC14",20181121003000,25.6,0.0172172353585088,0,0,97320
-27.636,-65.3375,312,"TUC14",20181121004500,25.3,0.0168994088776126,0,0,97350
-27.17233,-64.87433,401,"TUC15",20181121000000,27.9,0.0148662190604465,-1.25707872210942,-1.25707872210942,96430
-27.17233,-64.87433,401,"TUC15",20181121001500,27.8,0.0147760670293469,-0.680326101982382,-1.64245250224229,96440
-27.17233,-64.87433,401,"TUC15",20181121003000,27.5,0.0147592473957,-1.64245250224229,-0.680326101982382,96450
-26.65766,-65.08976,615,"TUC16",20181121000000,25.6,0.0164835364277707,0,0,93920
-26.65766,-65.08976,615,"TUC16",20181121001500,25.2,0.016307498596228,0,0,93930
-26.65766,-65.08976,615,"TUC16",20181121003000,24.7,0.0155948920941551,0,0,93960
-26.65766,-65.08976,615,"TUC16",20181121004500,24.3,0.0152169882734353,0,0,93960
-26.635,-64.835,493,"TUC17",20181121000000,26.1,0.0146356327066671,0,0,95430
-26.635,-64.835,493,"TUC17",20181121001500,25.7,0.0147303415067747,0,0,95460
-27.8715,-65.5535,471,"TUC18",20181121000000,26.1,0.0151842981086653,0,0,96310
-27.8715,-65.5535,471,"TUC18",20181121001500,26.6,0.015414696575386,0,0,96310
-27.8715,-65.5535,471,"TUC18",20181121003000,26.4,0.0152295682371112,0,0,96310
-27.8715,-65.5535,471,"TUC18",20181121004500,26.6,0.015414696575386,0,0,96310
-27.28633,-65.58917,389,"TUC19",20181121000000,27.3,0.0178047908073548,0,0,96320
-27.28633,-65.58917,389,"TUC19",20181121001500,26.4,0.0170943638074385,0,0,96330
-27.28633,-65.58917,389,"TUC19",20181121003000,26,0.0166790014740275,0,0,96360
-27.28633,-65.58917,389,"TUC19",20181121004500,25.7,0.0163774354872424,0,0,96360
-27.47133,-65.67233,391,"TUC2",20181121000000,26.1,0.0169724934791357,0,0,96570
-27.47133,-65.67233,391,"TUC2",20181121001500,25.3,0.0166005189611834,0,0,96580
-27.47133,-65.67233,391,"TUC2",20181121003000,24.7,0.0164232969657984,0,0,96580
-27.47133,-65.67233,391,"TUC2",20181121004500,24.3,0.0164325279927906,0,0,96600
-27.0245,-65.47,399,"TUC20",20181121000000,25.8,0.00781893769068792,0,0,96150
-27.0245,-65.47,399,"TUC20",20181121003000,24.7,0.0071098193939362,0,0,96180
-27.0245,-65.47,399,"TUC20",20181121004500,24.2,0.00689782391075092,0,0,96180
-26.8,-65.2,481,"TUC2049",20181121000000,26.8,0.0160145712434845,0.34016305099119,0.821226251121144,95290
-26.8,-65.2,481,"TUC2049",20181121001500,26.6,0.016057575721971,0.821226251121144,0.340163050991191,95310
-26.8,-65.2,481,"TUC2049",20181121003000,26.6,0.0160593041756259,0.821226251121144,0.340163050991191,95300
-26.8,-65.2,481,"TUC2049",20181121004500,26.4,0.0160986737875925,0.821226251121144,0.340163050991191,95320
-26.5366,-64.653,425,"TUC21",20181121000000,26.2,0.0132948694493651,0,0,95720
-26.5366,-64.653,425,"TUC21",20181121001500,25.7,0.01334284537198,0,0,95740
-26.5366,-64.653,425,"TUC21",20181121003000,25.4,0.0133188553255046,0,0,95760
-26.5366,-64.653,425,"TUC21",20181121004500,25,0.0134258242133622,0,0,95770
-26.65719,-64.93113,585,"TUC23",20181121001500,25.2,0.0153542281510825,0,0,94300
-26.89369,-65.18676,416,"TUC24",20181121000000,26.6,0.0178154161274156,0,0,96130
-26.89369,-65.18676,416,"TUC24",20181121001500,26.1,0.0179738121623267,0.254922860600465,-0.364067575239552,96140
-26.89369,-65.18676,416,"TUC24",20181121003000,25.7,0.0182143181445825,0.0961953839724902,-0.433909336497748,96160
-26.89369,-65.18676,416,"TUC24",20181121004500,25.7,0.0177609851917033,0.254922860600465,-0.364067575239552,96170
-26.99606,-65.39816,387,"TUC25",20181121000000,25.2,0.0182900159081413,0,0,96330
-26.99606,-65.39816,387,"TUC25",20181121001500,24.9,0.0181675547792942,0,0,96350
-26.99606,-65.39816,387,"TUC25",20181121003000,24.3,0.0175073597896158,0,0,96360
-26.99606,-65.39816,387,"TUC25",20181121004500,23.9,0.0170787902775951,0,0,96370
-27.22833,-65.22,324,"TUC27",20181121000000,27.2,0.0173004535295076,0,0,97140
-24.23616,-63.97424,380,"TUC29",20181121000000,25.9,0.016698154864138,0,0,96960
-24.23616,-63.97424,380,"TUC29",20181121001500,25.9,0.0166963866487594,0.170081525495595,0.410613125560572,96970
-24.23616,-63.97424,380,"TUC29",20181121003000,26,0.0165712851591078,-0.170081525495596,0.410613125560572,96970
-24.23616,-63.97424,380,"TUC29",20181121004500,25.8,0.0165933717870599,0,0,96980
-27.77492,-65.50373,384,"TUC3",20181121000000,25.6,0.015349199110846,0.444444444444444,8.16431199431569e-17,96600
-27.77492,-65.50373,384,"TUC3",20181121001500,25.1,0.0157454694265063,0.444444444444444,8.16431199431569e-17,96620
-27.77492,-65.50373,384,"TUC3",20181121003000,24.8,0.0156706131579879,0,0,96620
-27.77492,-65.50373,384,"TUC3",20181121004500,24.6,0.0154765291783035,0,0,96640
-26.37706,-65.96487,1710,"TUC31",20181121000000,22.2,0.0103999823928786,9.86521032646479e-16,-4.02777777777778,82830
-26.37706,-65.96487,1710,"TUC31",20181121001500,22,0.0104767325010731,-1.37128229930824,-3.31056832483211,82830
-26.37706,-65.96487,1710,"TUC31",20181121003000,21.7,0.0104781190360275,-1.54136382480383,-3.72118145039268,82880
-26.37706,-65.96487,1710,"TUC31",20181121004500,21.6,0.0106091028885963,9.86521032646479e-16,-4.02777777777778,82910
-26.9095,-65.35183,440,"TUC4",20181121000000,25.2,0.0156126785413388,0.254922860600465,-0.364067575239552,95390
-26.9095,-65.35183,440,"TUC4",20181121001500,25.1,0.0152965744704747,0.254922860600465,-0.364067575239552,95410
-26.9095,-65.35183,440,"TUC4",20181121003000,25.4,0.0149143325151654,0.821226251121144,-0.340163050991191,95410
-26.9095,-65.35183,440,"TUC4",20181121004500,25.3,0.0148190269271632,1.23183937668172,-0.510244576486787,95440
-27.04925,-65.48428,395,"TUC42",20181121000000,24.5,0.0202610102696215,0,0,84630
-26.65302,-64.89922,536,"TUC44",20181121003000,25.2,0.0152597133066555,-0.170081525495595,-0.410613125560572,94870
-26.85769,-65.29417,423,"TUC45",20181121003000,25.2,0.0168131564496863,0,0,96040
-26.84857,-65.13626,439,"TUC47",20181121003000,27.2,0.018016927228528,0.410613125560572,0.170081525495595,95940
-26.82033,-64.8535,394,"TUC5",20181121000000,27.4,0.0149030939559108,-1.71144535029943,-4.13179457595326,96540
-26.82033,-64.8535,394,"TUC5",20181121001500,27.2,0.0147237410054439,-2.84806897977915,-2.84806897977915,96550
-26.82033,-64.8535,394,"TUC5",20181121003000,27.1,0.0148741214289068,-2.84806897977915,-2.84806897977915,96570
-26.82033,-64.8535,394,"TUC5",20181121004500,26.7,0.0147547628389206,-2.84806897977915,-2.84806897977915,96580
-27.0035,-64.67617,324,"TUC6",20181121000000,27.8,0.014400276562791,-2.5337992992518,-2.5337992992518,97250
-27.0035,-64.67617,324,"TUC6",20181121001500,27.4,0.0143005694762743,-2.21952961872444,-2.21952961872444,97270
-27.0035,-64.67617,324,"TUC6",20181121003000,27.1,0.0145201262273503,-1.90525993819709,-1.90525993819709,97300
-27.0035,-64.67617,324,"TUC6",20181121004500,27,0.014430105526147,-2.21952961872444,-2.21952961872444,97320
-27.25086,-64.66278,308,"TUC9",20181121000000,28.6,0.0145903288383255,-1.90525993819709,-1.90525993819709,97180
-27.25086,-64.66278,308,"TUC9",20181121001500,28.3,0.0145866113311313,-1.90525993819709,-1.90525993819709,97200
-27.25086,-64.66278,308,"TUC9",20181121003000,28.1,0.0146666562592507,-2.48934207371097,-1.03111924831705,97210
-27.25086,-64.66278,308,"TUC9",20181121004500,27.9,0.0147425544330582,-1.57134840263677,-1.57134840263677,97220
-34.45182,-57.76804,22,"URU594",20181121001000,21.6,0.0088286207728668,-0.852388340978762,-1.74765509002616,101190
-34.45182,-57.76804,22,"URU594",20181121002000,21.7,0.00904649967451486,-0.796373221211779,-2.07462316999378,101200
-34.45182,-57.76804,22,"URU594",20181121003000,21.9,0.00915931132955557,-0.796373221211779,-2.07462316999378,101200
-34.45182,-57.76804,22,"URU594",20181121004000,22.1,0.00927337701206908,-0.855050358314172,-2.34923155196477,101200
-34.45182,-57.76804,22,"URU594",20181121005000,22.3,0.00921764447230265,-0.950055953682413,-2.61025727996086,101210
-31.43889,-57.98083,41,"URU600",20181121001000,21.9,0.0108048970544655,-1.07325091809896,-0.287576716780579,101370
-31.43889,-57.98083,41,"URU600",20181121002000,21.6,0.0102796651086664,-1.07325091809896,-0.287576716780579,101360
-32.79897,-56.52905,75.48,"URU603",20181121001000,21.3,0.0110411291089572,-1.45769951189899,-0.808016033743895,101460
-32.79897,-56.52905,75.48,"URU603",20181121002000,21.3,0.0112017001177539,-1.44337567297406,-0.833333333333334,101460
-32.79897,-56.52905,75.48,"URU603",20181121003000,21.3,0.0110411291089572,-1.74765509002616,-0.852388340978762,101460
-32.79897,-56.52905,75.48,"URU603",20181121004000,21,0.0109926295003794,-1.49799007716528,-0.730618577981796,101470
-32.79897,-56.52905,75.48,"URU603",20181121005000,20.9,0.0107675629870674,-1.48501087364728,-0.756650832899245,101470
-34.79015,-56.26633,47,"URU608",20181121001000,22.3,0.00920472323533733,-0.739205792110096,-2.96479249695443,101350
-34.79015,-56.26633,47,"URU608",20181121002000,22.2,0.00914713188246277,-0.578827258889768,-3.28269251004069,101360
-34.79015,-56.26633,47,"URU608",20181121003000,22.5,0.0089743540186025,-0.502569531244681,-3.57596802601123,101360
-34.79015,-56.26633,47,"URU608",20181121004000,22.2,0.0088097977455012,-0.502569531244681,-3.57596802601123,101360
-34.79015,-56.26633,47,"URU608",20181121005000,22.2,0.0088097977455012,-0.377463895133193,-3.59132906660765,101360
-33.25068,-58.0692,19,"URU609",20181121001000,20.8,0.00978350495543345,-0.365309288990898,-0.748995038582639,101320
-33.25068,-58.0692,19,"URU609",20181121002000,21.1,0.00996750175781382,-0.465994086225622,-0.690864643795868,101330
-33.25068,-58.0692,19,"URU609",20181121003000,20.3,0.0103836863343531,-0.721687836487032,-0.416666666666667,101340
-33.25068,-58.0692,19,"URU609",20181121004000,19.9,0.0104178234912927,-0.767087377877034,-0.325609273741062,101360
-33.25068,-58.0692,19,"URU609",20181121005000,19.6,0.0102215746920339,-0.528364731275085,-0.171676107986082,101370
-37.131561,-63.253746,128,"WUNIADOLFOA2",20181121005550,-40,1.195399825257e-05,2.83822329814503,-1.20475431284193,98700
-38.34576,-68.728142,504.1,"WUNIAELO2",20181121005717,25.6,0.00367180901520786,6.58002143604148,6.58002143604149,100500
-44.048538,-70.593864,730,"WUNIALTOPAL2",20181121004144,1e+11,1e+11,0,0,101230
-24.721666,-64.188934,491.9,"WUNIANTA19",20181121005514,25.2,0.0156244320082543,0,-1.38888888888889,95320
-34.188038,-59.370674,15.8,"WUNIBAGOBER2",20181121005904,22.5,0.0168203450389685,0,0,101240
-38.671543,-62.03727,81.1,"WUNIBAHABLA8",20181121005333,1e+11,1e+11,1e+11,1e+11,100600
-34.977287,-59.846245,52.1,"WUNIBALARIC2",20181121005738,19.9,0.0124191769877245,0,0,101880
-37.844959,-58.257721,98.1,"WUNIBALCARC3",20181121005500,23.1,0.012790243143985,1.90525993819709,1.90525993819709,100800
-34.548756,-59.078529,15.8,"WUNIBALUJAN3",20181121005918,26.2,0.0131199650415387,-0.802490173462795,0.0702087927689469,101900
-36.896721,-60.320084,157.9,"WUNIBAOLAVA2",20181121005811,24.2,0.0140886252876518,0.0232604249968642,-0.443835348779811,100700
-41.138103,-71.320854,890.9,"WUNIBARILOC2",20181121004947,12.5,0.00559064609628371,3.03108891324554,-1.75,100700
-41.104683,-71.472252,815,"WUNIBARILOC4",20181121004501,26.3,0.00212093554615251,1.4142135623731,-1.41421356237309,100500
-35.488449,-63.001217,100.9,"WUNIBARIVAD2",20181121005824,23.4,0.0124752819346316,-2.435590024087,-2.435590024087,100800
-36.530006,-56.697277,0.9,"WUNIBASANTA4",20181121005839,1e+11,1e+11,1e+11,1e+11,100940
-34.392624,-59.110172,39.9,"WUNIBATORRE2",20181121005919,21.5,0.0134766652522429,0,0,100160
-34.758648,-58.37212,18,"WUNIBAVILLA9",20181121005909,26.7,0.0111687809176837,0,0,101100
-35.173153,-58.241684,17.1,"WUNIBRANDSE3",20181121005517,23.4,0.0109700586561201,-0.0775544371166688,-2.22086850448688,101100
-35.200047,-61.015648,75.9,"WUNIBSASGRA2",20181121005757,22.6,0.00952587860964204,0,-0.888888888888889,101600
-38.706886,-62.266468,70.1,"WUNIBUENOSA121",20181121005700,24.4,0.00802347777007299,-0.964975425206841,-0.118484083866116,100600
-35.17841,-59.099373,27.1,"WUNIBUENOSA146",20181121005910,22.9,0.010992788641589,0,0,101100
-35.083187,-57.516376,6.1,"WUNIBUENOSA162",20181121005233,21.1,0.00652029256084781,0,0,101100
-38.554604,-58.73587,14.9,"WUNIBUENOSA163",20181121005814,19.8,0.00516222654051923,-0.914997529281002,-0.767774089347811,100800
-34.86845,-61.529091,77.1,"WUNIBUENOSA182",20181121005856,23.4,0.00445849463298595,-0.929348064387303,-1.03214559094083,100900
-35.070179,-62.770428,100,"WUNIBUENOSA228",20181121005630,22,0.00893607402832047,-0.36985531189256,-0.120173275590257,100600
-38.551041,-58.733761,27.1,"WUNIBUENOSA249",20181121005812,19,0.00933938076338892,-1.09994388184574,-1.09994388184574,100800
-37.326237,-59.129993,167.9,"WUNIBUENOSA281",20181121004003,24.5,0.0123597500464476,0,-2.58333333333333,100800
-34.29211,-58.785873,15.8,"WUNIBUENOSA298",20181121003906,23.7,0.00931274217408575,-1.68919953283453,1.68919953283453,101120
-34.621742,-60.97681,78.9,"WUNIBUENOSA306",20181121005840,24.2,0.00943090592874552,6.32734179559466e-16,-2.58333333333333,100900
-38.26342,-57.838932,18,"WUNIBUENOSA333",20181121005910,22.7,0.0130087442065479,1.76893426543507e-16,-0.722222222222222,100800
-35.791515,-60.53656,67.1,"WUNIBUENOSA357",20181121004144,1e+11,1e+11,0,0,101230
-35.424953,-60.893749,75,"WUNIBUENOSA358",20181121005752,25,0.0101496775048671,-1.19815315701054,-1.19815315701054,100430
-35.120441,-60.474327,50.9,"WUNIBUENOSA378",20181121005214,23.9,0.00956875823553732,-1.69444444444444,-1.03754798261095e-16,101600
-37.975761,-61.348076,252.1,"WUNIBUENOSA387",20181121005814,21.5,0.00977068612681011,0,0,100940
-34.88707,-60.006058,39,"WUNIBUENOSA431",20181121005901,23.7,0.0111963635090448,-1.91549908511993,0.0668907020131264,100900
-38.693577,-62.28104,70.1,"WUNIBUENOSA436",20181121005806,24.7,0.010523463555478,1.1020649062716,-3.02789844475459,100800
-34.244591,-59.476414,35.1,"WUNIBUENOSA44",20181121005901,21.5,0.00928672403468895,0.687464926153588,-0.687464926153588,100900
-33.67424,-59.667683,29,"WUNIBUENOSA473",20181121005908,24.6,0.0121879516985159,-3.10341309520763,-3.10341309520763,101200
-34.326611,-58.973209,21,"WUNIBUENOSA485",20181121005623,21.1,0.0118149529972811,0,-0.444444444444444,104490
-38.005531,-59.264118,128,"WUNIBUENOSA498",20181121005500,22.6,0.0130911580006343,0,-2,100900
-37.958969,-57.748074,103,"WUNIBUENOSA504",20181121005820,22.8,0.0123775282637081,3.10341309520763,-3.10341309520762,100800
-37.966236,-57.695896,64,"WUNIBUENOSA506",20181121005532,22.1,0.0104942038314611,1.19815315701054,1.19815315701054,100800
-34.920635,-60.00172,39,"WUNIBUENOSA516",20181121005854,22.9,0.00977185140837565,-0.972222222222222,-5.95314416252186e-17,100900
-37.66713,-59.197674,256,"WUNIBUENOSA520",20181121005504,21,0.0127652322353015,1.09537852590402e-15,-4.47222222222222,101200
-38.544991,-58.73679,27.1,"WUNIBUENOSA524",20181121004144,1e+11,1e+11,0,0,100800
-38.690067,-59.470024,32.9,"WUNIBUENOSA55",20181121005500,17.1,0.00928095303395462,-1.48589536775656,1.83492796455118,100600
-38.378223,-60.276321,111.9,"WUNIBUENOSA67",20181121004553,22.9,0.0131975035310398,3.10325769689424,-1.79166666666667,100600
-34.649723,-58.660831,29.9,"WUNIBUENOSA84",20181121005920,24.7,0.00932724612476961,-0.434145698321415,-1.02278317050271,100900
-37.995697,-57.567375,18,"WUNIBUENOSA92",20181121005920,0,0.000377217398013038,0,0,100800
-34.884155,-60.031502,39,"WUNIBUENOSA95",20181121005902,22.5,0.0116151690356758,-1.70884138786749,-1.70884138786749,100900
-31.044863,-64.486343,1085.1,"WUNICAALTOS2",20181121005430,23.8,0.00772058549225359,-2.35661421090337,-1.30629258788596,100800
-33.119377,-61.707146,61,"WUNICASEROS7",20181121005514,24.1,0.0136019145581641,-2.04944956571136,-1.28063822189691,100800
-30.843506,-61.595501,100,"WUNICASTELL1044",20181121005603,22,0.0105870440581977,1.70884138786749,1.70884138786749,100900
-28.467934,-65.795349,520,"WUNICATAMAR2",20181121005630,28.4,0.0144457705445413,-2.90699454487803,-2.90699454487803,100400
-34.905003,-60.023544,39,"WUNICHIVILC3",20181121005315,25,0.0107060731355388,-0.11245393381917,-3.22025933150598,100900
-42.743633,-65.048958,20.1,"WUNICHUBUTP4",20181121005415,23.4,0.00506255159637595,2.66127136215912,0.421503975247289,99620
-43.298157,-65.097908,13.1,"WUNICHUBUTR2",20181121005415,21,0.00468009041046656,-0.379877486031238,-0.894935274189873,99700
-31.161844,-64.307022,740.1,"WUNICOLN4",20181121005536,24.7,0.00813790004415222,-1.66053465835689,-1.97894814472403,101000
-31.293501,-64.294662,467,"WUNICOLN5",20181121003424,25,0.00533938198676567,0,-6.47222222222222,100300
-33.538322,-61.115582,92,"WUNICONSTIT3",20181121005138,22.5,0.00900680501099806,0,-1.69444444444444,101000
-31.074694,-64.49192,997,"WUNICORDOBA29",20181121000138,25,0.00710378610977319,0,-2.41666666666667,100800
-30.983021,-64.493347,1192.1,"WUNICORDOBA34",20181121004144,1e+11,1e+11,0,0,100800
-30.971651,-64.486877,1192.1,"WUNICORDOBA35",20181121004144,1e+11,1e+11,0,0,100800
-37.472675,-61.949783,239,"WUNICORONEL7",20181121005819,23.4,0.0143789284553828,0,0,100430
-31.802462,-64.554802,783.9,"WUNICRDOBAC32",20181121005608,25.3,0.00742920676099423,2.18024590865852,-2.18024590865852,100900
-31.087133,-64.503334,997,"WUNICRDOBAL3",20181121005557,22.9,0.00801246533579571,-0.687464926153588,-0.687464926153588,100800
-31.426586,-64.458786,664.2,"WUNICRDOBAP10",20181121005450,25.4,0.00665739626059849,0,-2.69444444444444,100900
-31.422649,-64.485184,686.1,"WUNICRDOBAV16",20181121005811,26.6,0.00962927529562121,0,0,100330
-42.788998,-65.060356,20.1,"WUNICTPUERT2",20181121005449,21.7,0.00549252058481237,0,0,100630
-45.91703,-67.56942,0,"WUNICTRADAT2",20181121005458,18.2,0.00579042424868655,6.48964637945956,-1.26145946943382,99500
-32.732513,-59.951881,53,"WUNIENTRERO14",20181121005927,1e+11,1e+11,1e+11,1e+11,101000
-31.393911,-59.711033,85,"WUNIENTRERO15",20181121005903,17.7,0.0109945508570403,0,0,101240
-25.117636,-58.191441,75,"WUNIFORMOSA4",20181121001526,24,0.0157172469826269,0,0,101500
-38.029369,-57.54578,24.1,"WUNIGENERAL10",20181121005531,24.8,0.0137942187908341,1.26987616759014,-2.99164077372043,100800
-38.029369,-57.54578,24.1,"WUNIGENERAL10",20181121005909,24.8,0.0137942187908341,-5.38281737790163,2.17479938955349,100800
-35.13623,-62.776939,100,"WUNIGENERAL13",20181121005813,24.1,0.0165445655138452,0,0,100600
-34.608067,-58.95277,27.1,"WUNIGENERAL33",20181121005713,25,0.0105044642557937,-0.542682122901769,-1.27847896312839,100900
-37.243076,-61.264511,182,"WUNIGENERAL35",20181121005804,21.9,0.0151664130578828,0,0,100260
-38.941475,-67.981422,246.9,"WUNIGENERAL5",20181121004501,26.3,0.00212093554615251,1.4142135623731,-1.41421356237309,100500
-32.992359,-58.527744,11.9,"WUNIGUALEGU2",20181121005238,21.9,0.0103232271854037,0,0,101200
-36.300335,-61.720684,106.1,"WUNIHIPLITO2",20181121000756,1e+11,1e+11,1e+11,1e+11,99720
-36.300335,-61.720684,106.1,"WUNIHIPLITO2",20181121005348,1e+11,1e+11,1e+11,1e+11,99750
-24.300047,-65.093254,986,"WUNIJUJUYCA2",20181121004144,1e+11,1e+11,0,0,101500
-24.391438,-65.246559,1178.1,"WUNIJUJUYEL3",20181121004435,24.6,0.013728293236442,0,0,101500
-24.483627,-65.159882,974.1,"WUNIJUJUYMO3",20181121003000,23.2,0.0135041739870989,0,0,101500
-24.261147,-65.361778,1506.9,"WUNIJUJUYSA4",20181121005010,17.9,0.0116275540901434,0,0,101500
-24.422197,-65.026527,772.1,"WUNIJYLASCA2",20181121004926,23,0.0168927582106925,0.251629627183006,-0.939094553336594,101800
-24.422197,-65.026527,772.1,"WUNIJYLASCA2",20181121005654,22.9,0.0168390014612483,-0.151950994412495,-0.357974109675949,101500
-50.350624,-72.271133,224.9,"WUNILAGOARG3",20181121005337,6.4,0.00414244794146621,2.66127136215912,-0.421503975247288,98700
-35.334084,-64.1175,139,"WUNILAPAMPA6",20181121005505,26.9,0.011133831847023,0,0,100600
-37.150349,-64.009117,145.1,"WUNILAPAMPA7",20181121005627,22.1,0.00379819351954101,0,0,100600
-29.429604,-66.85318,595,"WUNILARIOJA6",20181121005708,31.1,0.00850889797783126,0,0,100300
-31.728636,-61.088558,38.1,"WUNILASCOLO2",20181121005616,22.2,0.0139445474678193,-1.80293524491137,-2.0023624464252,101100
-32.838379,-68.810654,805.9,"WUNILASHERA2",20181121004144,1e+11,1e+11,0,0,100800
-34.879292,-61.532272,77.1,"WUNILINCOLN78",20181121005600,24.7,0.0105128576803697,-3.02070788882577,-2.36003565541502,100900
-36.610367,-64.305862,177.1,"WUNILPSANTA2",20181121005706,23.4,0.0180937207749636,0,0,100600
-34.566425,-59.12698,15.8,"WUNILUJN3",20181121005713,25,0.0105044642557937,-0.542682122901769,-1.27847896312839,100900
-34.35928,-70.308617,2547.2,"WUNIMACHAL3",20181121000004,20.4,0.00814050846877729,0,0,87020
-34.35928,-70.308617,2547.2,"WUNIMACHAL3",20181121005948,18,0.00804652172325956,0,0,87090
-32.953037,-68.866173,858.9,"WUNIMAGOBER2",20181121004144,1e+11,1e+11,0,0,100800
-34.484406,-58.750084,32.9,"WUNIMALVINA2",20181121005908,24,0.00951064609569289,-0.202136366072822,-0.950976834046756,100850
-34.999691,-67.516479,451.1,"WUNIMENDOZA15",20181121005507,27.4,0.00822528487149214,0.527777777777778,9.69512049324988e-17,100500
-32.912064,-68.876251,805.9,"WUNIMENDOZA18",20181121005700,27.8,0.00627671293327453,0.687464926153588,0.687464926153588,100800
-35.465317,-69.586502,1422,"WUNIMENDOZA19",20181121005700,18.1,0.00255962983257743,0.687464926153588,-0.687464926153588,101150
-34.625343,-68.329651,691,"WUNIMENDOZA22",20181121004144,1e+11,1e+11,0,0,100500
-32.914871,-68.847664,769.9,"WUNIMENDOZA25",20181121004144,1e+11,1e+11,0,0,100800
-33.596279,-69.225426,989.1,"WUNIMENDOZA29",20181121005606,21.4,0.00669890810217582,2.21917674389905,-0.11630212498432,100260
-34.708424,-68.363503,662,"WUNIMENDOZA9",20181121005558,22,0.00777105734220083,0.305555555555556,5.61296449609204e-17,100500
-34.657574,-59.418869,39.9,"WUNIMERCEDE3",20181121005912,23.3,0.0131193589420162,0,0,100900
-37.386673,-70.269012,858,"WUNINEUQUEN2",20181121002646,23.6,0.0030465449901208,2.39630631402108,-2.39630631402108,101400
-38.946224,-68.060783,257.9,"WUNINEUQUN5",20181121004144,1e+11,1e+11,0,0,100400
-39.949337,-71.076012,903.1,"WUNINEUQUNJ4",20181121005623,13.9,0.00569079206286918,-8.84467132717533e-17,0.722222222222222,92670
-40.742199,-71.662659,769,"WUNINEUQUNN4",20181121005546,12.3,0.00605618377129385,0,0,100700
-38.800266,-68.15554,276.1,"WUNINNCENTE2",20181121005559,25.9,0.00499413752691008,2.33395106624301,-0.895919873863249,100500
-40.077255,-71.298027,908.9,"WUNINNLOLOG5",20181121005646,12.4,0.00511962230577661,0.999083056025904,0.964803292304163,100360
-38.957176,-68.065048,257.9,"WUNINNNEUQU3",20181121005633,27.2,0.00403770559080654,2.49048674522936,-0.217889356869145,100500
-27.361513,-55.903435,91.1,"WUNIPOSADAS7",20181121005600,26.1,0.0183483678956839,0.101624894843552,0.966896287163599,101300
-31.474928,-64.527115,680.9,"WUNIPUNILLA11",20181121005604,24.3,0.00756770008546916,0,-0.722222222222222,100900
-31.424639,-64.509377,671.2,"WUNIPUNILLA2",20181121005811,26.6,0.00962927529562121,0,0,100330
-30.859207,-64.507439,944,"WUNIPUNILLA7",20181121005600,24.3,0.00719215456146896,0,-1.69444444444444,100800
-35.058544,-64.21302,149,"WUNIREALIC3",20181121005643,26.7,0.0110012968015035,-4.5765522226796,-4.5765522226796,100600
-41.150143,-71.319939,826.9,"WUNIRNBARIL4",20181121004943,11.2,0.00642595742926549,-1.52405618789695,-0.106572390442414,101300
-41.10434,-71.20269,808.9,"WUNIRNNIRIH2",20181121004943,11.2,0.00642595742926549,-1.52405618789695,-0.106572390442414,101300
-53.778988,-67.750595,20.1,"WUNIROGRAND2",20181121005457,2.7,0.0011315258677711,1.8126155740733,0.8452365234814,98000
-53.800465,-67.762238,20.1,"WUNIROGRAND6",20181121005503,4.3,0.00483099514792945,1.75322538593223,-0.536014791991684,98000
-38.941055,-67.978943,246.9,"WUNIRONEGRO23",20181121004144,1e+11,1e+11,0,0,100500
-39.094879,-67.092117,203,"WUNIRONEGRO29",20181121005408,26.3,0.00297634096376329,0.598749357956419,-0.403861541395539,100400
-38.871002,-68.031517,273.1,"WUNIRONEGRO30",20181121005628,26.6,0.00476951226756523,-0.353553390593274,-0.353553390593274,100500
-39.104572,-67.096962,203,"WUNIRONEGRO7",20181121003148,26.8,0.00416805970783657,1.04266302700619,-0.785702946892952,100400
-32.960472,-60.633381,34.1,"WUNIROSARIO11",20181121003107,25.9,0.0112935184784645,-0.216060405362556,-0.216060405362556,101000
-25.800901,-64.967575,768.1,"WUNIROSARIO2",20181121005645,24.1,0.0129420503702345,0,-2,99950
-32.87635,-60.734798,25.9,"WUNIROSARIO20",20181121005600,24.9,0.0106306022159819,-2.84806897977915,-2.84806897977915,101000
-32.940071,-60.669994,17.1,"WUNIROSARIO9",20181121005619,25.4,0.0151145589935455,0,0,101000
-26.07308,-65.976051,1600.2,"WUNISACAFAY2",20181121004144,1e+11,1e+11,0,0,100800
-24.885878,-65.397522,1168,"WUNISALTACE3",20181121005652,20.3,0.0145818675629472,0,0,101700
-41.106113,-71.442276,815,"WUNISANCARL8",20181121004144,1e+11,1e+11,0,0,100700
-32.746658,-70.461487,1378.9,"WUNISANESTE2",20181121004144,1e+11,1e+11,0,0,101200
-28.459358,-65.78334,520,"WUNISANFERN16",20181121005706,28.7,0.0116586112349379,-6.47222222222222,-3.96309311390741e-16,100400
-31.764864,-61.828033,96.9,"WUNISANMART37",20181121003536,23.9,0.00989413380122564,0.281265371888246,-0.119390067038389,100200
-33.59481,-60.354034,53.9,"WUNISANNICO24",20181121005908,22,0.01651390570422,0.347316558657133,-0.818226536402169,101000
-48.763218,-70.211273,481,"WUNISANTACR50",20181121004144,1e+11,1e+11,0,0,101230
-31.208935,-61.614384,109.1,"WUNISANTAFE103",20181121004956,22,0.0106586112380256,-1.69444444444444,-1.03754798261095e-16,101800
-33.7202,-62.0079,111.9,"WUNISANTAFE104",20181121003000,24.8,0.0119530185421851,1.30629258788596,2.35661421090337,99420
-32.994659,-60.651096,34.1,"WUNISANTAFE105",20181121005320,27.3,0.00653704759819188,0,-3.38888888888889,101000
-31.630363,-60.603333,18,"WUNISANTAFE106",20181121005552,23.1,0.0120172774015006,-2.19444444444444,-1.34370968239779e-16,101200
-31.657078,-60.718033,18,"WUNISANTAFE111",20181121004949,25.9,0.0122609477975287,0.958333333333334,-1.65988202392017,101800
-32.937843,-60.731621,25,"WUNISANTAFE118",20181121005620,26.9,0.00794438809137854,-0.60884881498483,-1.2483250643044,101000
-31.612352,-60.682449,18,"WUNISANTAFE124",20181121005606,24.6,0.0108210775067238,0,-1.38888888888889,101100
-33.315022,-60.603374,50,"WUNISANTAFE18",20181121003726,22.1,0.0125080601461549,-1.72497018004622,-0.430083369954965,101000
-32.950001,-60.666698,17.1,"WUNISANTAFE2",20181121005000,23.5,0.0119717920896989,-2.30857537287027,1.44255799707928,101000
-34.095276,-61.628315,75.9,"WUNISANTAFE23",20181121001343,25,0.00527048422646741,0,-5.41666666666667,101600
-34.095276,-61.628315,75.9,"WUNISANTAFE23",20181121003424,25,0.00533938198676567,0,-6.47222222222222,100300
-33.704769,-61.621429,102.1,"WUNISANTAFE27",20181121004144,1e+11,1e+11,0,0,101230
-32.905968,-60.686928,18.9,"WUNISANTAFE28",20181121005408,25.4,0.0121989657126571,2,3.67394039744206e-16,101000
-32.91283,-60.688221,18.9,"WUNISANTAFE31",20181121005558,25.9,0.0106553526232171,-0.876742293578155,-1.79758809259833,101000
-33.184189,-60.736271,53,"WUNISANTAFE6",20181121005551,24,0.00874103056586695,0.216060405362556,-0.216060405362556,101000
-33.298088,-61.184845,93,"WUNISANTAFE60",20181121005610,21.9,0.00951050353012552,-1.71487550836959,-4.03999352348571,101000
-31.633018,-60.695778,18,"WUNISANTAFE65",20181121005543,25.6,0.0107948871407468,-1.4142135623731,-1.4142135623731,101800
-33.127853,-60.717609,32.9,"WUNISANTAFE67",20181121005519,24.1,0.00860471625471508,-1.19815315701054,-1.19815315701054,101000
-31.578671,-60.687893,18.9,"WUNISANTAFE69",20181121005514,23.2,0.0161899551625593,-1.27049838220988,-1.68600829898873,101800
-31.637278,-60.707485,18,"WUNISANTAFE84",20181121005936,24.3,0.0113980208079122,1.00693181263227e-15,-4.11111111111111,101100
-27.523249,-64.88591,274,"WUNISANTIAG174",20181121005701,28.1,0.0165579267497318,-1.85973347536233,0.463683633232697,101000
-27.789888,-64.263718,191.1,"WUNISANTIAG176",20181121005047,30.6,0.0135470707987435,2.36894951569926,-2.05929639655354,100800
-29.380936,-63.472557,214,"WUNISANTIAG183",20181121004144,1e+11,1e+11,0,0,100800
-27.838238,-64.228439,181.1,"WUNISANTIAG199",20181121005608,28.5,0.0127206832017293,-1.69444444444444,-1.03754798261095e-16,100800
-34.936649,-58.495903,27.1,"WUNISANVICE18",20181121005924,24.3,0.00206087149971533,-0.314745490222811,0.52382446154018,101000
-31.4286,-61.914299,107,"WUNISFCOLON2",20181121005543,25.6,0.0107948871407468,-1.4142135623731,-1.4142135623731,101800
-31.337076,-60.575592,18.9,"WUNISFLAGUN2",20181121005605,21.4,0.0100174735216762,-0.395417985573296,-1.47572001238608,101100
-31.181414,-60.745087,39.9,"WUNISFLLAMB2",20181121005604,21.1,0.0152683667650081,0.589146037415443,0.549387567828124,101100
-31.259527,-61.504841,91.1,"WUNISFRAFAE2",20181121005607,23.2,0.0152036582159997,0.0775071930490276,1.10840450028869,101100
-32.370476,-64.931541,1086,"WUNISLELRIN2",20181121005531,16.3,0.00986525364609717,5.10062880517119,-2.27094625717322,100700
-32.370476,-64.931541,1086,"WUNISLELRIN2",20181121005941,16,0.0096754273082327,5.7695236879789,-5.97451667503491,100700
-37.37254,-59.135788,167.9,"WUNITANDIL5",20181121005804,22.2,0.0117548486862516,-0.722222222222222,-4.42233566358766e-17,100800
-54.817413,-68.334541,21.9,"WUNITIERRAD4",20181121005453,5.1,0.00494594965661657,1.9042379294631,3.73727736534566,97900
-38.689655,-59.914528,39,"WUNITRESARR2",20181121005400,15.8,0.00945570084827251,-8.84467132717533e-17,0.722222222222222,100500
-38.738388,-59.866177,32,"WUNITRESARR5",20181121005400,15.8,0.00945570084827251,-8.84467132717533e-17,0.722222222222222,100500
-27.432859,-65.61586,338,"WUNITUCUMNA5",20181121005652,26.6,0.01378604380555,0.594782761207874,0.660573178202128,101000
-27.360106,-65.593834,381,"WUNITUCUMNC2",20181121005707,25.7,0.0109477854592865,0,0,101000
-27.743502,-65.655251,573.9,"WUNITUCUMNP4",20181121002123,25.7,0.0139466503764824,1.28775535356498,0.520286935299878,100700
-27.585966,-65.617508,377,"WUNITUCUMNT5",20181121005638,25.8,0.0148439270601678,1e+11,1e+11,101000
-54.792145,-68.24572,45.1,"WUNIUSHUAIA3",20181121005503,4.3,0.00483099514792945,1.75322538593223,-0.536014791991684,98000
-29.989258,-70.006935,3762.1,"WUNIVICUA2",20181121004541,18.9,0.00922468242789192,0,0,101400
-31.398958,-64.474564,664.2,"WUNIVILLACA6",20181121003000,28,0.00896696703651375,1e+11,1e+11,100900
-33.235104,-60.348297,50,"WUNIVILLACO5",20181121004144,1e+11,1e+11,0,0,101000
-37.310658,-57.010147,18,"WUNIVILLAGE5",20181121005000,21.7,0.00974088270521255,0.322296095075265,-3.06644251071884,100810
